energyLost StiffnessIncrease density
1.5709053e-03   1.0000000e+00   8.7470000e-03
1.4474061e-03   1.4618148e+00   1.0584000e-02
1.6060576e-03   2.0668302e+00   1.2596000e-02
1.8137618e-03   2.8415047e+00   1.4782000e-02
2.0475016e-03   3.8143412e+00   1.7144000e-02
2.3108710e-03   5.0158267e+00   1.9681000e-02
2.5630518e-03   6.4783673e+00   2.2392000e-02
2.7965711e-03   8.2362207e+00   2.5279000e-02
2.9896371e-03   1.0325424e+01   2.8340000e-02
3.1475131e-03   1.2783721e+01   3.1576000e-02
3.2799547e-03   1.5650485e+01   3.4988000e-02