energyLost StiffnessIncrease density
2.4265375e-03   1.0000000e+00   8.3270000e-03
2.3548253e-03   1.2112619e+00   1.0076000e-02
2.3131002e-03   1.4431462e+00   1.1991000e-02
2.2390032e-03   1.6957895e+00   1.4073000e-02
2.0663949e-03   1.9693402e+00   1.6321000e-02
2.0223648e-03   2.2639587e+00   1.8736000e-02
2.0265310e-03   2.5798167e+00   2.1317000e-02
1.9979482e-03   2.9170980e+00   2.4065000e-02
1.9601916e-03   3.2759978e+00   2.6980000e-02
2.0295813e-03   3.6567230e+00   3.0061000e-02
2.1558163e-03   4.0594920e+00   3.3308000e-02