energyLost StiffnessIncrease density
1.6616970e-03   1.0000000e+00   8.7440000e-03
1.6196324e-03   1.2106330e+00   1.0581000e-02
1.6140971e-03   1.4415784e+00   1.2592000e-02
1.6631298e-03   1.6929047e+00   1.4778000e-02
1.7513808e-03   1.9646865e+00   1.7139000e-02
1.8610449e-03   2.2570045e+00   1.9675000e-02
1.9882160e-03   2.5699450e+00   2.2385000e-02
2.1274760e-03   2.9036006e+00   2.5271000e-02
2.2713006e-03   3.2580694e+00   2.8331000e-02
2.4080986e-03   3.6334557e+00   3.1567000e-02
2.5262199e-03   4.0298695e+00   3.4977000e-02
2.6169158e-03   4.4474270e+00   3.8562000e-02