   0.0000000e+00   3.6654312e+01   7.0512821e-02   8.3681658e+00   3.1728705e+01
   5.0057937e-04   3.6650038e+01   6.9337525e-02   8.3628601e+00   3.5085360e+01
   1.0011587e-03   3.6654312e+01   4.0542021e-02   8.4532461e+00   3.6654459e+01
   1.5017381e-03   3.6671406e+01   5.1282051e-02   8.0805390e+00   3.3291073e+01
   2.0023175e-03   3.6667132e+01   4.3476474e-02   7.2400541e+00   2.5759862e+01
   2.5028969e-03   3.6667132e+01   4.3476474e-02   6.0517118e+00   1.7218420e+01
   3.0034762e-03   3.6671406e+01   5.1282051e-02   4.8641780e+00   1.0622936e+01
   3.5040556e-03   3.6675679e+01   5.4392829e-02   3.6222748e+00   6.6568591e+00
   4.0046350e-03   3.6679953e+01   5.0065703e-02   1.0971903e+00   2.2566279e+00
   4.5052144e-03   3.6675679e+01   4.7105572e-02  -2.1134987e+00   3.8434919e+00
   5.0057937e-03   3.6671406e+01   5.1282051e-02  -4.6515132e+00   6.5575471e+00
   5.5063731e-03   3.6671406e+01   5.1282051e-02  -5.9744432e+00   8.1444544e+00
   6.0069525e-03   3.6658585e+01   3.7377897e-02  -4.8875365e+00   6.1052865e+00
   6.5075319e-03   3.6654312e+01   3.5690797e-02  -1.8033444e+00   2.8357098e+00
   7.0081112e-03   3.6662859e+01   5.0879833e-02   2.3339823e+00   7.0918820e+00
   7.5086906e-03   3.6667132e+01   5.1282051e-02   5.5865757e+00   1.1396861e+01
   8.0092700e-03   3.6675679e+01   5.4392829e-02   6.6344303e+00   1.4729917e+01
   8.5098494e-03   3.6675679e+01   6.0813032e-02   5.9612629e+00   1.6119692e+01
   9.0104287e-03   3.6679953e+01   5.3632053e-02   4.0594820e+00   1.5166431e+01
   9.5110081e-03   3.6679953e+01   5.6975605e-02   1.9964924e+00   1.1673219e+01
   1.0011587e-02   3.6675679e+01   5.7692308e-02   3.4088711e-01   1.0025146e+01
   1.0512167e-02   3.6679953e+01   5.0065703e-02  -8.4364259e-01   1.3161222e+01
   1.1012746e-02   3.6675679e+01   5.0879833e-02  -1.5796175e+00   1.7028163e+01
   1.1513326e-02   3.6675679e+01   3.8461538e-02  -2.0117466e+00   1.9597633e+01
   1.2013905e-02   3.6675679e+01   5.0879833e-02  -2.2478164e+00   1.9752846e+01
   1.2514484e-02   3.6671406e+01   6.4102564e-02  -2.6009999e+00   1.8653472e+01
   1.3015064e-02   3.6671406e+01   7.2239921e-02  -3.2754018e+00   1.7897235e+01
   1.3515643e-02   3.6671406e+01   6.9633208e-02  -4.1118239e+00   1.7363300e+01
   1.4016222e-02   3.6671406e+01   6.1149949e-02  -4.4482945e+00   1.7017180e+01
   1.4516802e-02   3.6662859e+01   8.3824980e-02  -4.4802246e+00   1.5715930e+01
   1.5017381e-02   3.6654312e+01   9.1106862e-02  -3.5053296e+00   1.5649378e+01
   1.5517961e-02   3.6658585e+01   7.3926683e-02  -1.1269077e+00   1.5622253e+01
   1.6018540e-02   3.6671406e+01   7.4755794e-02  -3.4702905e-01   1.3720456e+01
   1.6519119e-02   3.6662859e+01   8.6002615e-02  -1.9291373e+00   1.0920686e+01
   1.7019699e-02   3.6654312e+01   8.4799722e-02  -4.6488428e+00   1.0385066e+01
   1.7520278e-02   3.6671406e+01   7.4755794e-02  -8.3034775e+00   1.4711008e+01
   1.8020857e-02   3.6654312e+01   8.4799722e-02  -1.1598242e+01   2.1825764e+01
   1.8521437e-02   3.6628671e+01   9.4428973e-02  -1.2450230e+01   2.8443811e+01
   1.9022016e-02   3.6632944e+01   8.6241180e-02  -1.0485662e+01   3.2412584e+01
   1.9522596e-02   3.6632944e+01   9.0427795e-02  -8.1109042e+00   3.1200541e+01
   2.0023175e-02   3.6628671e+01   9.8267370e-02  -7.4604989e+00   2.4850976e+01
   2.0523754e-02   3.6632944e+01   9.8267370e-02  -1.0185575e+01   2.6680863e+01
   2.1024334e-02   3.6632944e+01   9.8267370e-02  -1.3846245e+01   4.1584790e+01
   2.1524913e-02   3.6607303e+01   1.3658510e-01  -1.4712879e+01   5.6615213e+01
   2.2025492e-02   3.6590209e+01   2.0271011e-01  -1.1545681e+01   5.7323499e+01
   2.2526072e-02   3.6577389e+01   2.2380885e-01  -2.0701355e+00   4.1345319e+01
   2.3026651e-02   3.6594483e+01   2.0452636e-01   1.0607062e+01   2.6270161e+01
   2.3527231e-02   3.6632944e+01   1.9145108e-01   2.0508325e+01   3.8145566e+01
   2.4027810e-02   3.6624397e+01   1.4000211e-01   2.3787007e+01   5.1247717e+01
   2.4528389e-02   3.6641491e+01   9.1780904e-02   2.0064320e+01   4.6766725e+01
   2.5028969e-02   3.6675679e+01   5.4392829e-02   1.0233278e+01   4.0167335e+01
   2.5529548e-02   3.6675679e+01   4.7105572e-02  -3.3856693e+00   6.4524820e+01
   2.6030127e-02   3.6637218e+01   1.5974277e-01  -1.3054956e+01   8.7943699e+01
   2.6530707e-02   3.6607303e+01   2.9445344e-01  -1.3313348e+01   7.9834192e+01
   2.7031286e-02   3.6607303e+01   3.0735826e-01  -3.7621018e+00   4.0649483e+01
   2.7531866e-02   3.6607303e+01   3.0855914e-01   1.0723800e+01   3.0801035e+01
   2.8032445e-02   3.6650038e+01   1.8545482e-01   2.1781581e+01   7.6034971e+01
   2.8533024e-02   3.6679953e+01   7.1381594e-02   2.5056807e+01   9.4354703e+01
   2.9033604e-02   3.6675679e+01   6.0813032e-02   2.0915732e+01   8.3413302e+01
   2.9534183e-02   3.6684226e+01   5.2470210e-02   1.2661900e+01   5.7576063e+01
   3.0034762e-02   3.6679953e+01   5.0065703e-02   4.1583839e+00   3.3841772e+01
   3.0535342e-02   3.6679953e+01   6.5997629e-02  -1.9547399e+00   2.0659104e+01
   3.1035921e-02   3.6679953e+01   7.8770550e-02  -5.2946819e+00   1.3693038e+01
   3.1536501e-02   3.6667132e+01   6.6925042e-02  -5.5926691e+00   8.0916959e+00
   3.2037080e-02   3.6654312e+01   5.9099644e-02  -2.6008460e+00   5.6797335e+00
   3.2537659e-02   3.6662859e+01   6.6617339e-02   1.9963385e+00   7.2096604e+00
   3.3038239e-02   3.6679953e+01   7.3926683e-02   4.9983397e+00   1.0595516e+01
   3.3538818e-02   3.6679953e+01   7.3926683e-02   5.4149757e+00   1.1538608e+01
   3.4039397e-02   3.6679953e+01   7.1381594e-02   3.0954712e+00   1.1120128e+01
   3.4539977e-02   3.6684226e+01   8.0320283e-02  -1.0460198e+00   1.2562909e+01
   3.5040556e-02   3.6671406e+01   7.9549190e-02  -5.1381305e+00   1.4704979e+01
   3.5541136e-02   3.6675679e+01   5.4392829e-02  -8.3608770e+00   1.5165267e+01
   3.6041715e-02   3.6671406e+01   3.8992068e-02  -1.0345983e+01   1.8204190e+01
   3.6542294e-02   3.6650038e+01   6.9337525e-02  -1.1641737e+01   2.6347752e+01
   3.7042874e-02   3.6645765e+01   1.0256410e-01  -1.0884164e+01   3.0726314e+01
   3.7543453e-02   3.6654312e+01   1.1609468e-01  -8.2150152e+00   2.5914771e+01
   3.8044032e-02   3.6654312e+01   1.1767667e-01  -4.3537608e+00   1.7377918e+01
   3.8544612e-02   3.6624397e+01   1.3867505e-01   6.1048064e-01   2.1395422e+01
   3.9045191e-02   3.6632944e+01   1.1065818e-01   5.7863732e+00   3.4569511e+01
   3.9545771e-02   3.6667132e+01   7.7189709e-02   6.9236105e+00   4.1900589e+01
   4.0046350e-02   3.6679953e+01   8.9743590e-02   1.0278109e+00   3.9988571e+01
   4.0546929e-02   3.6667132e+01   8.8359287e-02  -1.0421445e+01   3.3868651e+01
   4.1047509e-02   3.6645765e+01   9.1106862e-02  -2.1887902e+01   3.0235886e+01
   4.1548088e-02   3.6615850e+01   8.4799722e-02  -2.7706064e+01   3.3710454e+01
   4.2048667e-02   3.6598756e+01   9.4211144e-02  -2.8165313e+01   3.8928957e+01
   4.2549247e-02   3.6590209e+01   1.1556254e-01  -2.7077349e+01   4.3563332e+01
   4.3049826e-02   3.6585936e+01   1.3461538e-01  -2.7543645e+01   5.1474057e+01
   4.3550406e-02   3.6590209e+01   1.5517588e-01  -2.8951960e+01   6.8678164e+01
   4.4050985e-02   3.6564568e+01   1.9496034e-01  -2.6392048e+01   7.8774327e+01
   4.4551564e-02   3.6509013e+01   3.1657842e-01  -1.5130423e+01   6.5337962e+01
   4.5052144e-02   3.6487645e+01   3.3792450e-01   5.9778204e+00   3.8361703e+01
   4.5552723e-02   3.6538927e+01   2.5399504e-01   3.0097870e+01   6.1259147e+01
   4.6053302e-02   3.6620124e+01   1.5115162e-01   4.4286313e+01   9.0973290e+01
   4.6553882e-02   3.6641491e+01   1.1009977e-01   4.3460859e+01   9.3505659e+01
   4.7054461e-02   3.6632944e+01   1.0375906e-01   3.1042039e+01   7.4439216e+01
   4.7555041e-02   3.6645765e+01   7.3088168e-02   1.4739664e+01   5.5015178e+01
   4.8055620e-02   3.6641491e+01   9.1780904e-02   1.2401689e+00   4.6777679e+01
   4.8556199e-02   3.6641491e+01   1.0316331e-01  -8.8015147e+00   4.1198610e+01
   4.9056779e-02   3.6620124e+01   1.1340901e-01  -1.6665962e+01   3.7993688e+01
   4.9557358e-02   3.6594483e+01   1.6330435e-01  -2.3071287e+01   4.1139297e+01
   5.0057937e-02   3.6611577e+01   1.2462963e-01  -3.0795714e+01   5.2041445e+01
   5.0558517e-02   3.6607303e+01   9.3114353e-02  -4.2940250e+01   7.5618360e+01
   5.1059096e-02   3.6551748e+01   1.9995479e-01  -5.7385117e+01   1.0510973e+02
   5.1559676e-02   3.6500466e+01   3.6408902e-01  -6.2184103e+01   1.1122052e+02
   5.2060255e-02   3.6474825e+01   3.8754228e-01  -5.0792491e+01   8.3832415e+01
   5.2560834e-02   3.6432090e+01   4.1020633e-01  -2.4736519e+01   6.1468013e+01
   5.3061414e-02   3.6380808e+01   4.3937153e-01   1.2776806e+01   1.0001438e+02
   5.3561993e-02   3.6479098e+01   2.7675684e-01   4.6729527e+01   1.4400194e+02
   5.4062572e-02   3.6598756e+01   1.9422125e-01   6.1458135e+01   1.5239488e+02
   5.4563152e-02   3.6598756e+01   1.9037490e-01   5.3517348e+01   1.2326796e+02
   5.5063731e-02   3.6607303e+01   1.4058790e-01   3.1227265e+01   8.0170336e+01
   5.5564311e-02   3.6590209e+01   1.6216809e-01   8.8191943e+00   4.9412178e+01
   5.6064890e-02   3.6564568e+01   1.5714937e-01  -6.6711396e+00   4.6177817e+01
   5.6565469e-02   3.6577389e+01   7.3088168e-02  -1.6298710e+01   5.9659567e+01
   5.7066049e-02   3.6573115e+01   8.8126456e-02  -2.0888218e+01   7.6573812e+01
   5.7566628e-02   3.6556021e+01   1.3338880e-01  -2.3209005e+01   9.3693115e+01
   5.8067207e-02   3.6521833e+01   2.1066252e-01  -2.5608519e+01   1.0889216e+02
   5.8567787e-02   3.6500466e+01   2.4585652e-01  -2.5419586e+01   1.2149140e+02
   5.9068366e-02   3.6530380e+01   2.4735617e-01  -2.6631283e+01   1.2621945e+02
   5.9568946e-02   3.6526107e+01   3.1993538e-01  -3.4229567e+01   1.1837275e+02
   6.0069525e-02   3.6457731e+01   3.8365264e-01  -4.2031073e+01   9.3401217e+01
   6.0570104e-02   3.6444910e+01   4.2044637e-01  -4.9091052e+01   6.9992329e+01
   6.1070684e-02   3.6436363e+01   4.2005525e-01  -5.1874597e+01   6.1104796e+01
   6.1571263e-02   3.6367987e+01   4.5912832e-01  -4.7099315e+01   7.9249377e+01
   6.2071842e-02   3.6376534e+01   3.3828910e-01  -3.9777755e+01   1.1403152e+02
   6.2572422e-02   3.6342346e+01   3.1127719e-01  -2.8597611e+01   1.4831110e+02
   6.3073001e-02   3.6325252e+01   4.1025641e-01  -1.5793753e+01   1.6077659e+02
   6.3573581e-02   3.6380808e+01   3.8026384e-01  -1.5585808e+01   1.4407093e+02
   6.4074160e-02   3.6342346e+01   4.3258546e-01  -3.1333504e+01   1.1312008e+02
   6.4574739e-02   3.6333799e+01   4.4637668e-01  -5.8131894e+01   9.3076055e+01
   6.5075319e-02   3.6363714e+01   4.8234784e-01  -8.7501666e+01   8.0803253e+01
   6.5575898e-02   3.6201321e+01   5.1887452e-01  -1.0469603e+02   9.3088740e+01
   6.6076477e-02   3.6034654e+01   5.7948151e-01  -9.9732554e+01   1.4436490e+02
   6.6577057e-02   3.6043201e+01   6.5632386e-01  -6.9251476e+01   2.0093679e+02
   6.7077636e-02   3.6132944e+01   6.5810578e-01  -3.4529412e+01   2.3448390e+02
   6.7578216e-02   3.6140022e+01   6.8899552e-01  -1.5334150e+01   2.3620475e+02
   6.8078795e-02   3.6041473e+01   7.3064077e-01  -9.4225498e-01   2.1447694e+02
   6.8579374e-02   3.6097265e+01   6.4980291e-01   1.6789138e+01   1.9813998e+02
   6.9079954e-02   3.6119010e+01   7.3194662e-01   3.6648422e+01   1.8972346e+02
   6.9580533e-02   3.6056140e+01   7.7191344e-01   5.6011819e+01   2.0440313e+02
   7.0081112e-02   3.6207204e+01   5.2575556e-01   6.1143928e+01   2.5995287e+02
   7.0581692e-02   3.6320258e+01   3.2410229e-01   4.0895609e+01   2.9537074e+02
   7.1082271e-02   3.6258819e+01   4.8869952e-01  -4.4906325e+00   2.8036563e+02
   7.1582851e-02   3.6210054e+01   3.9994429e-01  -6.2833622e+01   2.4169245e+02
   7.2083430e-02   3.6140265e+01   4.0829517e-01  -1.2372603e+02   2.0797949e+02
   7.2584009e-02   3.6058924e+01   4.2839194e-01  -1.8780429e+02   1.8083722e+02
   7.3084589e-02   3.5953529e+01   4.7122557e-01  -2.5495447e+02   1.6239881e+02
   7.3585168e-02   3.5826467e+01   5.5707022e-01  -3.2144648e+02   1.7860581e+02
   7.4085747e-02   3.5582169e+01   6.0410596e-01  -3.7827745e+02   2.1224383e+02
   7.4586327e-02   3.5255901e+01   7.1048954e-01  -4.0672175e+02   2.3336683e+02
   7.5086906e-02   3.5070645e+01   7.9560460e-01  -4.0243106e+02   2.2746011e+02
   7.5587486e-02   3.4928062e+01   8.0606509e-01  -3.8124974e+02   2.2036584e+02
   7.6088065e-02   3.4707990e+01   7.4779613e-01  -3.5584123e+02   2.3741788e+02
   7.6588644e-02   3.4587040e+01   6.7183311e-01  -3.3908926e+02   2.6834491e+02
   7.7089224e-02   3.4473429e+01   4.5384895e-01  -3.3761798e+02   2.8955416e+02
   7.7589803e-02   3.4233252e+01   4.1452095e-01  -3.4902787e+02   2.8630663e+02
   7.8090382e-02   3.4064601e+01   3.4410707e-01  -3.7066994e+02   2.5375924e+02
   7.8590962e-02   3.3912991e+01   3.2193436e-01  -3.9689896e+02   1.9892769e+02
   7.9091541e-02   3.3682051e+01   3.0214154e-01  -4.2432988e+02   1.4417732e+02
   7.9592121e-02   3.3430855e+01   3.2800223e-01  -4.5201021e+02   1.2997156e+02
   8.0092700e-02   3.3167283e+01   2.8070959e-01  -4.7676424e+02   1.4862978e+02
   8.0593279e-02   3.2945916e+01   3.1024686e-01  -4.9954023e+02   1.5315609e+02
   8.1093859e-02   3.2728609e+01   2.9515573e-01  -5.2588353e+02   1.3828188e+02
   8.1594438e-02   3.2430920e+01   2.5509259e-01  -5.5601324e+02   1.2108707e+02
   8.2095017e-02   3.2088436e+01   2.7332378e-01  -5.8111422e+02   1.1251129e+02
   8.2595597e-02   3.1781000e+01   3.2078225e-01  -5.9432636e+02   1.0611185e+02
   8.3096176e-02   3.1506062e+01   3.3575105e-01  -5.9961949e+02   9.3052686e+01
   8.3596756e-02   3.1192096e+01   3.5850385e-01  -6.0283515e+02   7.2799811e+01
   8.4097335e-02   3.0893926e+01   3.9591953e-01  -6.0574269e+02   4.8735983e+01
   8.4597914e-02   3.0625079e+01   3.4441523e-01  -6.1092893e+02   4.2771494e+01
   8.5098494e-02   3.0280099e+01   3.1183887e-01  -6.1633981e+02   5.7376179e+01
   8.5599073e-02   2.9930535e+01   3.3708764e-01  -6.1896244e+02   6.7317180e+01
   8.6099652e-02   2.9667823e+01   3.2249960e-01  -6.1895555e+02   6.8557203e+01
   8.6600232e-02   2.9375842e+01   3.3949115e-01  -6.1855318e+02   6.6374801e+01
   8.7100811e-02   2.9046224e+01   3.5918872e-01  -6.2215983e+02   6.8264551e+01
   8.7601390e-02   2.8713325e+01   3.6221745e-01  -6.2638699e+02   7.2399549e+01
   8.8101970e-02   2.8403831e+01   3.7899865e-01  -6.2679725e+02   7.1528098e+01
   8.8602549e-02   2.8124317e+01   4.2354702e-01  -6.2933343e+02   6.3099103e+01
   8.9103129e-02   2.7780861e+01   4.6134346e-01  -6.3468650e+02   5.2345585e+01
   8.9603708e-02   2.7448429e+01   4.2397920e-01  -6.4198747e+02   6.6409446e+01
   9.0104287e-02   2.7175116e+01   3.8064658e-01  -6.5742338e+02   8.7936709e+01
   9.0604867e-02   2.6813145e+01   3.8059654e-01  -6.7967329e+02   9.2716189e+01
   9.1105446e-02   2.6456370e+01   4.1638758e-01  -7.0717389e+02   7.4486974e+01
   9.1606025e-02   2.6126151e+01   4.2832070e-01  -7.3432899e+02   5.3012654e+01
   9.2106605e-02   2.5688821e+01   4.4200671e-01  -7.5069191e+02   6.4172699e+01
   9.2607184e-02   2.5285294e+01   4.9438189e-01  -7.5293887e+02   8.6434042e+01
   9.3107764e-02   2.4907977e+01   5.0412381e-01  -7.3983957e+02   8.7935339e+01
   9.3608343e-02   2.4554086e+01   4.7737992e-01  -7.1634769e+02   7.6084874e+01
   9.4108922e-02   2.4252330e+01   3.7337745e-01  -6.9496420e+02   8.3093816e+01
   9.4609502e-02   2.3895248e+01   3.8481117e-01  -6.8214902e+02   1.0139418e+02
   9.5110081e-02   2.3549476e+01   3.9567791e-01  -6.7775955e+02   1.1612110e+02
   9.5610660e-02   2.3246686e+01   3.2882134e-01  -6.8158921e+02   1.2418022e+02
   9.6111240e-02   2.2903245e+01   3.5281594e-01  -6.9130010e+02   1.1640336e+02
   9.6611819e-02   2.2526874e+01   3.8460608e-01  -7.0469966e+02   8.6852250e+01
   9.7112399e-02   2.2161718e+01   3.7506820e-01  -7.1699927e+02   5.2372013e+01
   9.7612978e-02   2.1812003e+01   3.9342513e-01  -7.2743182e+02   4.0417152e+01
   9.8113557e-02   2.1454799e+01   3.2360751e-01  -7.3966095e+02   5.2634582e+01
   9.8614137e-02   2.1055611e+01   2.9474741e-01  -7.5189037e+02   5.1283604e+01
   9.9114716e-02   2.0683033e+01   2.4709507e-01  -7.6292338e+02   3.2645657e+01
   9.9615295e-02   2.0304353e+01   2.2920699e-01  -7.7273913e+02   4.5370686e+01
   1.0011587e-01   1.9881618e+01   3.3433759e-01  -7.8069949e+02   7.1477436e+01
   1.0061645e-01   1.9504184e+01   3.7135057e-01  -7.8667146e+02   8.5295361e+01
   1.0111703e-01   1.9127012e+01   4.3461268e-01  -7.9236099e+02   9.2081480e+01
   1.0161761e-01   1.8712855e+01   4.8079811e-01  -7.9754516e+02   9.4853940e+01
   1.0211819e-01   1.8294753e+01   4.8543696e-01  -7.9959703e+02   8.8870974e+01
   1.0261877e-01   1.7901596e+01   5.2217137e-01  -7.9805890e+02   7.0846952e+01
   1.0311935e-01   1.7505335e+01   5.1237792e-01  -7.9614885e+02   5.7119819e+01
   1.0361993e-01   1.7107491e+01   5.1145883e-01  -7.9779663e+02   5.2508861e+01
   1.0412051e-01   1.6733742e+01   5.0947555e-01  -8.0548078e+02   4.2363054e+01
   1.0462109e-01   1.6333143e+01   5.0012929e-01  -8.2029419e+02   4.9692952e+01
   1.0512167e-01   1.5885871e+01   4.5123074e-01  -8.3965615e+02   7.7078163e+01
   1.0562225e-01   1.5450195e+01   4.5703007e-01  -8.5853601e+02   9.2804516e+01
   1.0612283e-01   1.5032967e+01   4.5550955e-01  -8.7398675e+02   8.4413043e+01
   1.0662341e-01   1.4585548e+01   3.7682360e-01  -8.8601780e+02   6.2228397e+01
   1.0712399e-01   1.4109516e+01   3.8070656e-01  -8.9219355e+02   4.3774367e+01
   1.0762457e-01   1.3656208e+01   4.1383788e-01  -8.9003430e+02   4.1583969e+01
   1.0812514e-01   1.3229464e+01   4.3697833e-01  -8.8070266e+02   5.2100851e+01
   1.0862572e-01   1.2785876e+01   4.5951408e-01  -8.6892801e+02   6.0397344e+01
   1.0912630e-01   1.2355892e+01   4.7054521e-01  -8.5767363e+02   6.3774096e+01
   1.0962688e-01   1.1948247e+01   4.9596682e-01  -8.5047381e+02   5.7803858e+01
   1.1012746e-01   1.1540244e+01   5.1332349e-01  -8.5093906e+02   4.3319585e+01
   1.1062804e-01   1.1101499e+01   4.9413638e-01  -8.5911009e+02   3.7711853e+01
   1.1112862e-01   1.0672088e+01   4.8972762e-01  -8.7399688e+02   4.9017870e+01
   1.1162920e-01   1.0236411e+01   4.7873890e-01  -8.9021009e+02   6.0212341e+01
   1.1212978e-01   9.7683753e+00   4.4459620e-01  -9.0416933e+02   6.2571040e+01
   1.1263036e-01   9.3009514e+00   4.3213011e-01  -9.1405181e+02   5.5610502e+01
   1.1313094e-01   8.8175093e+00   4.3687332e-01  -9.1738370e+02   4.5132568e+01
   1.1363152e-01   8.3820459e+00   4.3878129e-01  -9.1653565e+02   3.5719245e+01
   1.1413210e-01   7.9493950e+00   4.4608239e-01  -9.1774533e+02   2.4219877e+01
   1.1463268e-01   7.4620202e+00   4.5287118e-01  -9.2228245e+02   1.4634174e+01
   1.1513326e-01   6.9946904e+00   4.4637601e-01  -9.2752197e+02   1.6982872e+01
   1.1563384e-01   6.5497272e+00   4.6128517e-01  -9.3275568e+02   2.0783074e+01
   1.1613441e-01   6.0671037e+00   4.8643683e-01  -9.3723038e+02   2.0079928e+01
   1.1663499e-01   5.5803444e+00   4.7934707e-01  -9.4038761e+02   1.7294968e+01
   1.1713557e-01   5.1276263e+00   4.8600532e-01  -9.4210277e+02   1.9826096e+01
   1.1763615e-01   4.6615531e+00   4.9580198e-01  -9.4376493e+02   2.4969068e+01
   1.1813673e-01   4.1757006e+00   4.8815679e-01  -9.4645648e+02   2.4223457e+01
   1.1863731e-01   3.6991484e+00   4.9506682e-01  -9.4955204e+02   1.8875197e+01
   1.1913789e-01   3.2329858e+00   4.9915633e-01  -9.5351828e+02   1.5372845e+01
   1.1963847e-01   2.7555565e+00   5.0603092e-01  -9.5801007e+02   1.6247325e+01
   1.2013905e-01   2.2697979e+00   5.1552633e-01  -9.6321739e+02   1.5876263e+01
   1.2063963e-01   1.7850579e+00   5.2275060e-01  -9.6825897e+02   1.3014038e+01
   1.2114021e-01   1.2868237e+00   5.2333633e-01  -9.7231050e+02   1.1505091e+01
   1.2164079e-01   8.1226912e-01   5.1215317e-01  -9.7651949e+02   1.2306467e+01
   1.2214137e-01   3.2992393e-01   5.0943197e-01  -9.8155158e+02   1.1617198e+01
   1.2264195e-01  -1.7443551e-01   5.0935712e-01  -9.8732550e+02   1.5137984e+01
   1.2314253e-01  -6.7543960e-01   5.0212526e-01  -9.9173631e+02   2.5303271e+01
   1.2364311e-01  -1.1755464e+00   5.1056934e-01  -9.9501736e+02   3.5583890e+01
   1.2414368e-01  -1.6679943e+00   5.3894354e-01  -9.9709868e+02   3.9960782e+01
   1.2464426e-01  -2.1687402e+00   5.3879348e-01  -9.9909415e+02   4.0795476e+01
   1.2514484e-01  -2.6602575e+00   5.5347835e-01  -1.0033537e+03   4.1854670e+01
   1.2564542e-01  -3.1770311e+00   5.7987079e-01  -1.0079969e+03   4.4837200e+01
   1.2614600e-01  -3.6830377e+00   5.6980565e-01  -1.0115840e+03   4.5547302e+01
   1.2664658e-01  -4.1744489e+00   5.8910232e-01  -1.0139773e+03   4.1409580e+01
   1.2714716e-01  -4.7089737e+00   5.9777946e-01  -1.0131760e+03   3.6929168e+01
   1.2764774e-01  -5.2172009e+00   5.9783328e-01  -1.0091237e+03   3.5261156e+01
   1.2814832e-01  -5.7002293e+00   6.1302663e-01  -1.0051991e+03   3.5391967e+01
   1.2864890e-01  -6.2053168e+00   6.1946729e-01  -1.0027195e+03   3.3053920e+01
   1.2914948e-01  -6.6980797e+00   6.1119710e-01  -1.0032531e+03   2.6414779e+01
   1.2965006e-01  -7.1940339e+00   6.0775639e-01  -1.0061622e+03   1.7925881e+01
   1.3015064e-01  -7.7241031e+00   6.2307402e-01  -1.0082474e+03   1.4165086e+01
   1.3065122e-01  -8.2269705e+00   6.0770914e-01  -1.0088052e+03   1.5096114e+01
   1.3115180e-01  -8.7159993e+00   6.1019088e-01  -1.0077386e+03   1.7216105e+01
   1.3165238e-01  -9.2214643e+00   6.3366595e-01  -1.0069703e+03   1.9386378e+01
   1.3215295e-01  -9.7281398e+00   6.4096682e-01  -1.0077542e+03   2.1333211e+01
   1.3265353e-01  -1.0238595e+01   6.4359121e-01  -1.0083770e+03   2.1415387e+01
   1.3315411e-01  -1.0732154e+01   6.3913901e-01  -1.0085308e+03   1.9634339e+01
   1.3365469e-01  -1.1237059e+01   6.3487333e-01  -1.0093290e+03   1.9358935e+01
   1.3415527e-01  -1.1756137e+01   6.5143657e-01  -1.0096477e+03   2.1543242e+01
   1.3465585e-01  -1.2251752e+01   6.6141343e-01  -1.0093404e+03   2.3452360e+01
   1.3515643e-01  -1.2746972e+01   6.5629844e-01  -1.0084888e+03   2.1824351e+01
   1.3565701e-01  -1.3264999e+01   6.6868784e-01  -1.0060566e+03   1.7775679e+01
   1.3615759e-01  -1.3770300e+01   6.7603073e-01  -1.0010640e+03   1.6906380e+01
   1.3665817e-01  -1.4267342e+01   6.6875761e-01  -9.9282976e+02   1.8431254e+01
   1.3715875e-01  -1.4757811e+01   6.7996331e-01  -9.8218655e+02   1.8242337e+01
   1.3765933e-01  -1.5238988e+01   6.7711319e-01  -9.7076585e+02   1.8081750e+01
   1.3815991e-01  -1.5720125e+01   6.5438822e-01  -9.5978677e+02   2.2989622e+01
   1.3866049e-01  -1.6197125e+01   6.5067707e-01  -9.4971179e+02   3.0380420e+01
   1.3916107e-01  -1.6663252e+01   6.4414839e-01  -9.4217542e+02   3.4537194e+01
   1.3966165e-01  -1.7122125e+01   6.2734331e-01  -9.3734048e+02   3.2923750e+01
   1.4016222e-01  -1.7589126e+01   6.1415959e-01  -9.3626232e+02   2.5376175e+01
   1.4066280e-01  -1.8056720e+01   5.9972491e-01  -9.3778155e+02   1.6934146e+01
   1.4116338e-01  -1.8535207e+01   6.0798417e-01  -9.3833351e+02   2.0808098e+01
   1.4166396e-01  -1.8998190e+01   6.2058437e-01  -9.3648871e+02   2.8486432e+01
   1.4216454e-01  -1.9474948e+01   6.3200948e-01  -9.3042250e+02   3.1252711e+01
   1.4266512e-01  -1.9950213e+01   6.3580984e-01  -9.1904762e+02   3.1418905e+01
   1.4316570e-01  -2.0387335e+01   6.2007249e-01  -9.0354651e+02   3.3464812e+01
   1.4366628e-01  -2.0831299e+01   6.3013229e-01  -8.8646754e+02   3.9555898e+01
   1.4416686e-01  -2.1272073e+01   6.1774829e-01  -8.6974126e+02   5.0666840e+01
   1.4466744e-01  -2.1692204e+01   5.9342358e-01  -8.5646613e+02   5.6023248e+01
   1.4516802e-01  -2.2104461e+01   5.8312559e-01  -8.4867057e+02   4.9102488e+01
   1.4566860e-01  -2.2520873e+01   5.7129150e-01  -8.4735951e+02   3.6017378e+01
   1.4616918e-01  -2.2936563e+01   5.6761863e-01  -8.5219915e+02   3.2956417e+01
   1.4666976e-01  -2.3375519e+01   5.5164993e-01  -8.5890884e+02   4.3032668e+01
   1.4717034e-01  -2.3821774e+01   5.4803262e-01  -8.6177014e+02   4.7363132e+01
   1.4767092e-01  -2.4253373e+01   5.5817112e-01  -8.5791422e+02   4.5014131e+01
   1.4817149e-01  -2.4688088e+01   5.9717858e-01  -8.4709088e+02   3.9755838e+01
   1.4867207e-01  -2.5110664e+01   6.1804499e-01  -8.3134277e+02   3.0398537e+01
   1.4917265e-01  -2.5498404e+01   6.0302442e-01  -8.1422725e+02   1.7558624e+01
   1.4967323e-01  -2.5889953e+01   5.8969940e-01  -7.9858954e+02   1.8210583e+01
   1.5017381e-01  -2.6293423e+01   5.8425294e-01  -7.8578431e+02   2.7433692e+01
   1.5067439e-01  -2.6685370e+01   5.7179606e-01  -7.7529069e+02   3.0733290e+01
   1.5117497e-01  -2.7057097e+01   5.7221067e-01  -7.6731950e+02   2.8344865e+01
   1.5167555e-01  -2.7423948e+01   5.8327660e-01  -7.6073611e+02   2.6618242e+01
   1.5217613e-01  -2.7808418e+01   5.8270366e-01  -7.5607116e+02   2.7182693e+01
   1.5267671e-01  -2.8197765e+01   5.7945603e-01  -7.5163838e+02   2.9701404e+01
   1.5317729e-01  -2.8583466e+01   5.9459004e-01  -7.4524794e+02   3.1246958e+01
   1.5367787e-01  -2.8919391e+01   5.8674738e-01  -7.3821660e+02   2.9401426e+01
   1.5417845e-01  -2.9280799e+01   5.5767058e-01  -7.3281571e+02   2.9473562e+01
   1.5467903e-01  -2.9674081e+01   5.5116831e-01  -7.2731163e+02   2.8976292e+01
   1.5517961e-01  -3.0036430e+01   5.4423264e-01  -7.1947917e+02   2.3127969e+01
   1.5568019e-01  -3.0374475e+01   5.3933285e-01  -7.0905643e+02   2.0597159e+01
   1.5618076e-01  -3.0727890e+01   5.5620410e-01  -6.9630168e+02   2.6846290e+01
   1.5668134e-01  -3.1074112e+01   5.6337327e-01  -6.8379316e+02   3.1672441e+01
   1.5718192e-01  -3.1412163e+01   5.4702399e-01  -6.7220720e+02   3.0975515e+01
   1.5768250e-01  -3.1739796e+01   5.3282278e-01  -6.6241481e+02   2.8712590e+01
   1.5818308e-01  -3.2040823e+01   5.2559258e-01  -6.5543503e+02   2.7151511e+01
   1.5868366e-01  -3.2373167e+01   5.3550169e-01  -6.4925969e+02   2.6500084e+01
   1.5918424e-01  -3.2723304e+01   5.3478784e-01  -6.4012152e+02   2.6497889e+01
   1.5968482e-01  -3.3045081e+01   5.3217075e-01  -6.2648126e+02   2.6780491e+01
   1.6018540e-01  -3.3334421e+01   5.4339688e-01  -6.0976734e+02   3.2824744e+01
   1.6068598e-01  -3.3610484e+01   5.2423963e-01  -5.9682560e+02   3.9174933e+01
   1.6118656e-01  -3.3900905e+01   5.1867219e-01  -5.9081434e+02   3.6778966e+01
   1.6168714e-01  -3.4208925e+01   5.4309241e-01  -5.8831938e+02   2.7786931e+01
   1.6218772e-01  -3.4491517e+01   5.5754235e-01  -5.8553205e+02   2.3624104e+01
   1.6268830e-01  -3.4797672e+01   5.3124145e-01  -5.7823052e+02   2.4877294e+01
   1.6318888e-01  -3.5102677e+01   5.0673510e-01  -5.6436994e+02   1.8604084e+01
   1.6368946e-01  -3.5361331e+01   5.1378390e-01  -5.4697232e+02   1.6389615e+01
   1.6419003e-01  -3.5614064e+01   5.3355489e-01  -5.3142362e+02   3.1464030e+01
   1.6469061e-01  -3.5865113e+01   5.5305560e-01  -5.2116880e+02   3.4959084e+01
   1.6519119e-01  -3.6112457e+01   5.4525033e-01  -5.1716288e+02   2.2617616e+01
   1.6569177e-01  -3.6380321e+01   5.3183428e-01  -5.1405879e+02   1.8903328e+01
   1.6619235e-01  -3.6656994e+01   5.2783719e-01  -5.0680489e+02   1.9849910e+01
   1.6669293e-01  -3.6903730e+01   5.1897150e-01  -4.9378105e+02   1.6247595e+01
   1.6719351e-01  -3.7145437e+01   5.1532243e-01  -4.7653203e+02   1.8164877e+01
   1.6769409e-01  -3.7360270e+01   5.5695759e-01  -4.5981726e+02   2.2026787e+01
   1.6819467e-01  -3.7567594e+01   5.5899988e-01  -4.4666143e+02   1.9800413e+01
   1.6869525e-01  -3.7792666e+01   5.1842334e-01  -4.3827795e+02   1.6836300e+01
   1.6919583e-01  -3.8017040e+01   5.1930666e-01  -4.3171416e+02   1.6813710e+01
   1.6969641e-01  -3.8232417e+01   5.3299375e-01  -4.2281575e+02   2.0122431e+01
   1.7019699e-01  -3.8426180e+01   5.2811759e-01  -4.0949466e+02   2.5368712e+01
   1.7069757e-01  -3.8641004e+01   5.1908751e-01  -3.9359983e+02   2.9235503e+01
   1.7119815e-01  -3.8843291e+01   5.1147598e-01  -3.7738960e+02   2.9794984e+01
   1.7169873e-01  -3.8997745e+01   5.0971996e-01  -3.6195900e+02   2.9072004e+01
   1.7219930e-01  -3.9137739e+01   5.1474358e-01  -3.5065963e+02   2.5742968e+01
   1.7269988e-01  -3.9330341e+01   5.1439712e-01  -3.4358741e+02   2.1707189e+01
   1.7320046e-01  -3.9546177e+01   5.0756111e-01  -3.3539335e+02   2.3395383e+01
   1.7370104e-01  -3.9684937e+01   5.2421210e-01  -3.2242967e+02   2.8172916e+01
   1.7420162e-01  -3.9804066e+01   5.5633450e-01  -3.0727307e+02   2.9592238e+01
   1.7470220e-01  -3.9971057e+01   5.3618837e-01  -2.9517596e+02   2.7977576e+01
   1.7520278e-01  -4.0134727e+01   5.1051774e-01  -2.8449037e+02   2.9185060e+01
   1.7570336e-01  -4.0252010e+01   5.3129109e-01  -2.7210677e+02   3.4489403e+01
   1.7620394e-01  -4.0353936e+01   5.6447564e-01  -2.6118190e+02   3.4209788e+01
   1.7670452e-01  -4.0517515e+01   5.4599643e-01  -2.5079001e+02   2.7721509e+01
   1.7720510e-01  -4.0654405e+01   5.2636820e-01  -2.3752120e+02   2.0778573e+01
   1.7770568e-01  -4.0719581e+01   5.4403481e-01  -2.2355305e+02   1.9080744e+01
   1.7820626e-01  -4.0835582e+01   5.2670583e-01  -2.1106082e+02   2.2166324e+01
   1.7870684e-01  -4.0954308e+01   5.3327827e-01  -1.9834599e+02   2.5413559e+01
   1.7920742e-01  -4.1027146e+01   5.7186989e-01  -1.8593833e+02   2.8687425e+01
   1.7970800e-01  -4.1123324e+01   5.3714111e-01  -1.7316615e+02   3.3311341e+01
   1.8020857e-01  -4.1217529e+01   5.0824012e-01  -1.5960094e+02   3.7824782e+01
   1.8070915e-01  -4.1256143e+01   5.2785432e-01  -1.4654602e+02   4.1127480e+01
   1.8120973e-01  -4.1330443e+01   5.5436531e-01  -1.3334850e+02   3.8595972e+01
   1.8171031e-01  -4.1420957e+01   5.3572618e-01  -1.2041099e+02   3.3340594e+01
   1.8221089e-01  -4.1461422e+01   5.3438513e-01  -1.0623956e+02   3.1512340e+01
   1.8271147e-01  -4.1488101e+01   5.5395955e-01  -9.1814027e+01   3.0143875e+01
   1.8321205e-01  -4.1522130e+01   5.4782540e-01  -8.0354393e+01   2.8318192e+01
   1.8371263e-01  -4.1583379e+01   5.6676931e-01  -7.0500062e+01   2.4288924e+01
   1.8421321e-01  -4.1609445e+01   5.8079335e-01  -5.9316622e+01   1.9160233e+01
   1.8471379e-01  -4.1612793e+01   5.8425468e-01  -4.8087592e+01   1.4982596e+01
   1.8521437e-01  -4.1644947e+01   5.8523061e-01  -3.6938778e+01   1.2856690e+01
   1.8571495e-01  -4.1664303e+01   5.7570926e-01  -2.4337154e+01   1.5501224e+01
   1.8621553e-01  -4.1656599e+01   5.6418411e-01  -1.0898938e+01   1.6908784e+01
   1.8671611e-01  -4.1666002e+01   5.5993456e-01   3.5392002e+00   1.5980823e+01
   1.8721669e-01  -4.1660336e+01   5.8185758e-01   1.7009488e+01   1.5375776e+01
   1.8771727e-01  -4.1623855e+01   5.7997864e-01   2.8628905e+01   1.7094369e+01
   1.8821784e-01  -4.1607065e+01   5.6563477e-01   4.0112482e+01   1.9702664e+01
   1.8871842e-01  -4.1588232e+01   5.7490101e-01   5.1248044e+01   2.1882591e+01
   1.8921900e-01  -4.1571384e+01   5.7391374e-01   6.3723860e+01   2.2200306e+01
   1.8971958e-01  -4.1536026e+01   5.7702340e-01   7.8465116e+01   2.3846963e+01
   1.9022016e-01  -4.1452981e+01   6.0021601e-01   9.0823278e+01   2.7319605e+01
   1.9072074e-01  -4.1403653e+01   6.0351992e-01   9.9320273e+01   3.0205856e+01
   1.9122132e-01  -4.1373917e+01   5.9416256e-01   1.0725743e+02   3.1711879e+01
   1.9172190e-01  -4.1309336e+01   6.0557068e-01   1.1689681e+02   3.1598972e+01
   1.9222248e-01  -4.1254418e+01   6.1089122e-01   1.2961582e+02   3.0736071e+01
   1.9272306e-01  -4.1185255e+01   5.9939301e-01   1.4482364e+02   2.7486057e+01
   1.9322364e-01  -4.1081429e+01   5.9741880e-01   1.5855526e+02   2.4951263e+01
   1.9372422e-01  -4.0996455e+01   6.1104576e-01   1.6825810e+02   2.4744982e+01
   1.9422480e-01  -4.0923093e+01   6.0795893e-01   1.7494829e+02   2.4438613e+01
   1.9472538e-01  -4.0818925e+01   6.0391335e-01   1.8106376e+02   2.2414926e+01
   1.9522596e-01  -4.0721729e+01   6.1670950e-01   1.8812999e+02   1.8010591e+01
   1.9572654e-01  -4.0648873e+01   6.0610468e-01   1.9776113e+02   1.7613709e+01
   1.9622711e-01  -4.0547550e+01   6.0675974e-01   2.0985443e+02   1.9217296e+01
   1.9672769e-01  -4.0409990e+01   6.1504525e-01   2.2243281e+02   1.8170611e+01
   1.9722827e-01  -4.0290591e+01   6.0304667e-01   2.3323309e+02   1.9717864e+01
   1.9772885e-01  -4.0177104e+01   5.8895578e-01   2.4094723e+02   2.5276850e+01
   1.9822943e-01  -4.0060084e+01   5.9945632e-01   2.4886988e+02   2.6962322e+01
   1.9873001e-01  -3.9931572e+01   6.0814555e-01   2.5801925e+02   2.1535437e+01
   1.9923059e-01  -3.9785040e+01   5.9694413e-01   2.6708275e+02   1.9438232e+01
   1.9973117e-01  -3.9657410e+01   5.8216730e-01   2.7702652e+02   2.1312306e+01
   2.0023175e-01  -3.9509136e+01   5.6571257e-01   2.8826488e+02   2.5933248e+01
   2.0073233e-01  -3.9359496e+01   5.7926502e-01   2.9927910e+02   2.7338950e+01
   2.0123291e-01  -3.9220256e+01   5.8227164e-01   3.1131245e+02   2.5879884e+01
   2.0173349e-01  -3.9041258e+01   5.9242342e-01   3.2377569e+02   2.2508192e+01
   2.0223407e-01  -3.8853965e+01   6.0054421e-01   3.3439736e+02   1.7415006e+01
   2.0273465e-01  -3.8711701e+01   6.0191661e-01   3.4392711e+02   1.6208870e+01
   2.0323523e-01  -3.8539130e+01   6.0095132e-01   3.5373854e+02   1.7914744e+01
   2.0373581e-01  -3.8332540e+01   5.9700036e-01   3.6294484e+02   1.8382534e+01
   2.0423638e-01  -3.8147546e+01   5.9073475e-01   3.7084889e+02   1.8290511e+01
   2.0473696e-01  -3.7969509e+01   5.9221445e-01   3.7727085e+02   1.6759994e+01
   2.0523754e-01  -3.7773595e+01   5.9980200e-01   3.8305683e+02   1.7630523e+01
   2.0573812e-01  -3.7583941e+01   5.8445906e-01   3.8881199e+02   2.4118482e+01
   2.0623870e-01  -3.7380978e+01   5.8485580e-01   3.9372148e+02   3.1265057e+01
   2.0673928e-01  -3.7171805e+01   5.9381594e-01   3.9831020e+02   3.7361946e+01
   2.0723986e-01  -3.6977951e+01   5.9835649e-01   4.0256479e+02   3.8087657e+01
   2.0774044e-01  -3.6788076e+01   5.9936457e-01   4.0971226e+02   3.2971350e+01
   2.0824102e-01  -3.6581255e+01   5.8801940e-01   4.1918380e+02   2.5733921e+01
   2.0874160e-01  -3.6347111e+01   5.8789375e-01   4.2985956e+02   2.2632937e+01
   2.0924218e-01  -3.6138381e+01   6.0562042e-01   4.4068424e+02   2.1371517e+01
   2.0974276e-01  -3.5901151e+01   6.2209698e-01   4.4806126e+02   1.8850381e+01
   2.1024334e-01  -3.5680415e+01   6.1878385e-01   4.5387000e+02   2.1236962e+01
   2.1074392e-01  -3.5455542e+01   5.8532843e-01   4.5688804e+02   3.2780960e+01
   2.1124450e-01  -3.5198356e+01   5.8691821e-01   4.5854243e+02   4.6323060e+01
   2.1174508e-01  -3.4993999e+01   6.2528096e-01   4.6087689e+02   5.3274091e+01
   2.1224565e-01  -3.4759916e+01   6.1073270e-01   4.6459557e+02   5.1671642e+01
   2.1274623e-01  -3.4538584e+01   5.9555629e-01   4.7105992e+02   4.6753139e+01
   2.1324681e-01  -3.4288836e+01   6.0345574e-01   4.7893848e+02   4.3040442e+01
   2.1374739e-01  -3.4020898e+01   5.9303070e-01   4.8713852e+02   3.8701306e+01
   2.1424797e-01  -3.3795563e+01   5.8505278e-01   4.9466091e+02   3.3772796e+01
   2.1474855e-01  -3.3555972e+01   6.0112380e-01   5.0432219e+02   2.6763212e+01
   2.1524913e-01  -3.3301379e+01   5.9248750e-01   5.1535406e+02   2.2231067e+01
   2.1574971e-01  -3.3010666e+01   5.9137515e-01   5.2524181e+02   2.6237238e+01
   2.1625029e-01  -3.2742606e+01   6.1504551e-01   5.3209349e+02   3.0902241e+01
   2.1675087e-01  -3.2477630e+01   6.2795466e-01   5.3507619e+02   3.0380828e+01
   2.1725145e-01  -3.2218632e+01   6.3257516e-01   5.3627963e+02   2.7851493e+01
   2.1775203e-01  -3.1957049e+01   6.1845777e-01   5.3946596e+02   2.6442133e+01
   2.1825261e-01  -3.1662549e+01   6.2284462e-01   5.4355512e+02   2.5663098e+01
   2.1875319e-01  -3.1392945e+01   6.2624389e-01   5.4868437e+02   2.6303542e+01
   2.1925377e-01  -3.1146498e+01   6.2674020e-01   5.5646632e+02   2.4581439e+01
   2.1975435e-01  -3.0842339e+01   6.4423697e-01   5.6453759e+02   2.1957413e+01
   2.2025492e-01  -3.0550803e+01   6.2134381e-01   5.7271830e+02   2.4135197e+01
   2.2075550e-01  -3.0260473e+01   6.3132224e-01   5.7848237e+02   2.3563892e+01
   2.2125608e-01  -2.9958217e+01   6.4730210e-01   5.8261383e+02   2.0334812e+01
   2.2175666e-01  -2.9692953e+01   6.0163297e-01   5.8687627e+02   1.7893693e+01
   2.2225724e-01  -2.9388479e+01   6.0294446e-01   5.9089363e+02   1.7998592e+01
   2.2275782e-01  -2.9082469e+01   6.2325975e-01   5.9502008e+02   2.2079013e+01
   2.2325840e-01  -2.8770110e+01   6.3514934e-01   5.9638680e+02   2.5562201e+01
   2.2375898e-01  -2.8476661e+01   6.3667723e-01   5.9463068e+02   2.7840603e+01
   2.2425956e-01  -2.8208144e+01   6.1893353e-01   5.9494170e+02   3.0359458e+01
   2.2476014e-01  -2.7885677e+01   6.4570074e-01   5.9809642e+02   2.9094318e+01
   2.2526072e-01  -2.7588080e+01   6.5263131e-01   6.0248273e+02   2.5008110e+01
   2.2576130e-01  -2.7311593e+01   6.2294505e-01   6.0891685e+02   1.9412161e+01
   2.2626188e-01  -2.6970932e+01   6.1988780e-01   6.1371393e+02   1.6657504e+01
   2.2676246e-01  -2.6650645e+01   6.5063404e-01   6.1566681e+02   2.0691286e+01
   2.2726304e-01  -2.6369131e+01   6.6331764e-01   6.1766269e+02   2.8902639e+01
   2.2776362e-01  -2.6051261e+01   6.3507051e-01   6.1983158e+02   3.4041580e+01
   2.2826419e-01  -2.5749814e+01   6.1721454e-01   6.2407561e+02   3.6560069e+01
   2.2876477e-01  -2.5442929e+01   6.6374089e-01   6.3018789e+02   3.6216285e+01
   2.2926535e-01  -2.5086378e+01   6.9882342e-01   6.3326148e+02   3.0635250e+01
   2.2976593e-01  -2.4775905e+01   6.5578067e-01   6.3386575e+02   2.8174887e+01
   2.3026651e-01  -2.4485853e+01   6.6597773e-01   6.3395655e+02   2.9410951e+01
   2.3076709e-01  -2.4156045e+01   6.7220387e-01   6.3439112e+02   2.9821792e+01
   2.3126767e-01  -2.3844170e+01   6.6075385e-01   6.3709722e+02   3.1270047e+01
   2.3176825e-01  -2.3515389e+01   6.8534622e-01   6.4012719e+02   3.6720668e+01
   2.3226883e-01  -2.3184032e+01   6.8337962e-01   6.4260102e+02   4.3028667e+01
   2.3276941e-01  -2.2883089e+01   6.6458033e-01   6.4562937e+02   4.6895016e+01
   2.3326999e-01  -2.2557673e+01   7.0084290e-01   6.4904019e+02   4.8414360e+01
   2.3377057e-01  -2.2223349e+01   7.0352942e-01   6.5145172e+02   4.4230377e+01
   2.3427115e-01  -2.1885477e+01   6.8437014e-01   6.5022458e+02   3.2546057e+01
   2.3477173e-01  -2.1558273e+01   7.1031195e-01   6.4558394e+02   2.0264715e+01
   2.3527231e-01  -2.1246773e+01   7.3304515e-01   6.4110482e+02   2.4230985e+01
   2.3577289e-01  -2.0935259e+01   6.9607446e-01   6.3893171e+02   3.4244248e+01
   2.3627346e-01  -2.0635329e+01   6.5542705e-01   6.4183286e+02   3.6043151e+01
   2.3677404e-01  -2.0303363e+01   6.9050224e-01   6.4936050e+02   3.5682674e+01
   2.3727462e-01  -1.9944471e+01   6.8361613e-01   6.5617626e+02   3.8078466e+01
   2.3777520e-01  -1.9633140e+01   6.3579470e-01   6.6154559e+02   3.8586032e+01
   2.3827578e-01  -1.9309285e+01   6.5273451e-01   6.6647987e+02   3.7730179e+01
   2.3877636e-01  -1.8954510e+01   6.6085324e-01   6.7000887e+02   3.9371058e+01
   2.3927694e-01  -1.8632265e+01   6.4825043e-01   6.7221225e+02   4.3987413e+01
   2.3977752e-01  -1.8289042e+01   6.3821884e-01   6.7063695e+02   4.2557966e+01
   2.4027810e-01  -1.7930235e+01   6.5941914e-01   6.6342872e+02   3.2751155e+01
   2.4077868e-01  -1.7616124e+01   6.7300446e-01   6.5419641e+02   2.2219112e+01
   2.4127926e-01  -1.7301819e+01   6.3842425e-01   6.4504805e+02   2.4636988e+01
   2.4177984e-01  -1.6990731e+01   6.2765141e-01   6.3777563e+02   3.0794647e+01
   2.4228042e-01  -1.6690362e+01   6.2384637e-01   6.3427157e+02   3.1016917e+01
   2.4278100e-01  -1.6342020e+01   6.3167291e-01   6.3167508e+02   2.8998541e+01
   2.4328158e-01  -1.6014430e+01   6.8020619e-01   6.3041649e+02   3.2523592e+01
   2.4378216e-01  -1.5739927e+01   6.7949505e-01   6.3316366e+02   4.0717641e+01
   2.4428273e-01  -1.5437736e+01   6.4627265e-01   6.4132346e+02   4.6057311e+01
   2.4478331e-01  -1.5107123e+01   6.5669939e-01   6.5603612e+02   4.5543430e+01
   2.4528389e-01  -1.4735000e+01   6.6841468e-01   6.7002957e+02   4.1251932e+01
   2.4578447e-01  -1.4378771e+01   6.6773447e-01   6.7366229e+02   3.9048700e+01
   2.4628505e-01  -1.4075531e+01   6.7125697e-01   6.6990545e+02   4.3863506e+01
   2.4678563e-01  -1.3723349e+01   6.6639616e-01   6.6201384e+02   4.6065062e+01
   2.4728621e-01  -1.3375572e+01   6.7773740e-01   6.5038059e+02   3.8647679e+01
   2.4778679e-01  -1.3111924e+01   6.7006309e-01   6.4010817e+02   2.9502185e+01
   2.4828737e-01  -1.2783942e+01   6.6271392e-01   6.3312600e+02   2.6552204e+01
   2.4878795e-01  -1.2430471e+01   6.7367535e-01   6.2947161e+02   2.9561817e+01
   2.4928853e-01  -1.2152005e+01   6.4808574e-01   6.2788738e+02   3.4057822e+01
   2.4978911e-01  -1.1854365e+01   6.4180103e-01   6.2653249e+02   4.1132628e+01
   2.5028969e-01  -1.1526557e+01   6.5559085e-01   6.2570546e+02   4.7424795e+01
   2.5079027e-01  -1.1186662e+01   6.8493191e-01   6.2265507e+02   4.8919647e+01
   2.5129085e-01  -1.0874909e+01   7.1907048e-01   6.1520532e+02   4.0927665e+01
   2.5179143e-01  -1.0606863e+01   6.9367099e-01   6.0783157e+02   3.1166367e+01
   2.5229200e-01  -1.0311723e+01   6.7592746e-01   6.0586419e+02   3.1509977e+01
   2.5279258e-01  -9.9962928e+00   6.9540184e-01   6.0899481e+02   3.6952668e+01
   2.5329316e-01  -9.6873203e+00   6.9772632e-01   6.1339805e+02   3.5043323e+01
   2.5379374e-01  -9.3799981e+00   6.8951154e-01   6.1760021e+02   2.9379456e+01
   2.5429432e-01  -9.0624638e+00   7.1239203e-01   6.1895906e+02   3.6916999e+01
   2.5479490e-01  -8.7478536e+00   7.4035029e-01   6.1770198e+02   4.2667592e+01
   2.5529548e-01  -8.4577934e+00   7.3157392e-01   6.1482373e+02   3.3764577e+01
   2.5579606e-01  -8.1343856e+00   7.1009595e-01   6.1086992e+02   2.7015178e+01
   2.5629664e-01  -7.8344044e+00   7.1524908e-01   6.0741413e+02   3.4662066e+01
   2.5679722e-01  -7.5417290e+00   7.1715039e-01   6.0488669e+02   3.8941764e+01
   2.5729780e-01  -7.2380118e+00   7.0079488e-01   6.0408017e+02   3.3283659e+01
   2.5779838e-01  -6.9414363e+00   6.8525735e-01   6.0398981e+02   2.6192183e+01
   2.5829896e-01  -6.6296609e+00   7.0630299e-01   6.0277698e+02   3.1896834e+01
   2.5879954e-01  -6.3246985e+00   7.4350243e-01   5.9676507e+02   3.7163024e+01
   2.5930012e-01  -6.0231251e+00   7.5161708e-01   5.8579781e+02   3.4919141e+01
   2.5980070e-01  -5.7393225e+00   7.3809913e-01   5.7133070e+02   3.2196177e+01
   2.6030127e-01  -5.4605226e+00   7.3332124e-01   5.5723380e+02   3.0998056e+01
   2.6080185e-01  -5.2060902e+00   7.2116862e-01   5.4761555e+02   2.8853585e+01
   2.6130243e-01  -4.9453365e+00   7.1634546e-01   5.4147729e+02   3.3472857e+01
   2.6180301e-01  -4.6710247e+00   7.2134942e-01   5.3552654e+02   5.5300486e+01
   2.6230359e-01  -4.3845596e+00   7.3456060e-01   5.2576902e+02   9.1366150e+01
   2.6280417e-01  -4.1025185e+00   7.5891597e-01   5.1272628e+02   1.2974779e+02
   2.6330475e-01  -3.8819768e+00   7.3690963e-01   5.0283704e+02   1.4836609e+02
   2.6380533e-01  -3.6833006e+00   7.7191761e-01   5.0427098e+02   1.2981059e+02
   2.6430591e-01  -3.4431727e+00   7.8558895e-01   5.2002095e+02   8.3238670e+01
   2.6480649e-01  -3.1380947e+00   7.6790159e-01   5.4096177e+02   7.4148233e+01
   2.6530707e-01  -2.8147080e+00   7.3253629e-01   5.4985061e+02   1.0492997e+02
   2.6580765e-01  -2.5327912e+00   7.0796942e-01   5.4171367e+02   1.0378465e+02
   2.6630823e-01  -2.2634376e+00   6.6003078e-01   5.2341536e+02   7.6817536e+01
   2.6680881e-01  -2.0193531e+00   6.6943692e-01   5.0294879e+02   6.1154887e+01
   2.6730939e-01  -1.8548317e+00   7.0179644e-01   4.9229297e+02   7.4317921e+01
   2.6780997e-01  -1.6145004e+00   6.5104559e-01   4.9648735e+02   1.0037287e+02
   2.6831054e-01  -1.2777362e+00   5.3492365e-01   5.0688625e+02   1.4328729e+02
   2.6881112e-01  -1.0347613e+00   5.8733418e-01   5.1493149e+02   1.8582133e+02
   2.6931170e-01  -8.1881692e-01   6.5221937e-01   5.1855385e+02   1.9973296e+02
   2.6981228e-01  -5.3237019e-01   7.0551720e-01   5.1968819e+02   1.8042773e+02
   2.7031286e-01  -2.5612872e-01   7.1843669e-01   5.1929092e+02   1.5871986e+02
   2.7081344e-01  -3.5764630e-03   7.7322151e-01   5.1463061e+02   1.6786285e+02
   2.7131402e-01   2.4298405e-01   8.2384494e-01   5.0469265e+02   1.8027853e+02
   2.7181460e-01   4.9168327e-01   7.8163501e-01   4.9145085e+02   1.6770650e+02
   2.7231518e-01   7.5008552e-01   7.6954740e-01   4.7351879e+02   1.3547994e+02
   2.7281576e-01   9.8255134e-01   7.4505514e-01   4.4934526e+02   9.8206875e+01
   2.7331634e-01   1.1711899e+00   7.3188673e-01   4.2286827e+02   6.9670329e+01
   2.7381692e-01   1.3683501e+00   7.4471594e-01   3.9804304e+02   6.4403454e+01
   2.7431750e-01   1.5685617e+00   7.3809734e-01   3.7914314e+02   7.7694485e+01
   2.7481808e-01   1.7278503e+00   7.2427203e-01   3.6935938e+02   9.0563549e+01
   2.7531866e-01   1.8906762e+00   7.2054326e-01   3.7180959e+02   9.2927927e+01
   2.7581924e-01   2.0708500e+00   7.4037493e-01   3.8729583e+02   8.2525286e+01
   2.7631981e-01   2.2854541e+00   7.6674380e-01   4.1204163e+02   6.8469208e+01
   2.7682039e-01   2.5102318e+00   7.5117549e-01   4.4107049e+02   8.1174323e+01
   2.7732097e-01   2.7467566e+00   7.7155543e-01   4.6763200e+02   1.2084403e+02
   2.7782155e-01   2.9982848e+00   7.9617881e-01   4.8504085e+02   1.5653351e+02
   2.7832213e-01   3.2556175e+00   8.2058632e-01   4.8889347e+02   1.6795910e+02
   2.7882271e-01   3.5392123e+00   8.7244641e-01   4.7741829e+02   1.4861427e+02
   2.7932329e-01   3.7816125e+00   8.8137829e-01   4.5180232e+02   1.0654366e+02
   2.7982387e-01   3.9509928e+00   8.7267701e-01   4.2063457e+02   6.9509475e+01
   2.8032445e-01   4.1214132e+00   8.6084756e-01   3.9382717e+02   6.9717353e+01
   2.8082503e-01   4.3270231e+00   8.5726416e-01   3.7474045e+02   8.3492116e+01
   2.8132561e-01   4.5080871e+00   8.4264891e-01   3.6161084e+02   8.2065994e+01
   2.8182619e-01   4.6722053e+00   8.4313060e-01   3.5131983e+02   6.5340465e+01
   2.8232677e-01   4.8474718e+00   8.8545673e-01   3.4261287e+02   5.0503411e+01
   2.8282735e-01   5.0146374e+00   8.9737110e-01   3.3616325e+02   5.2094564e+01
   2.8332793e-01   5.1771292e+00   8.6995081e-01   3.2867548e+02   6.4550318e+01
   2.8382851e-01   5.3380099e+00   8.5028801e-01   3.1806570e+02   8.6969036e+01
   2.8432908e-01   5.4939356e+00   8.4857032e-01   3.0492343e+02   1.1281932e+02
   2.8482966e-01   5.6681497e+00   8.2220896e-01   2.8855903e+02   1.2415733e+02
   2.8533024e-01   5.7856600e+00   7.7864211e-01   2.7119794e+02   1.0952482e+02
   2.8583082e-01   5.8726860e+00   7.9698200e-01   2.5680951e+02   7.2026140e+01
   2.8633140e-01   6.0096100e+00   8.1948263e-01   2.4744531e+02   5.3038541e+01
   2.8683198e-01   6.1545167e+00   8.6214687e-01   2.4163067e+02   7.5790641e+01
   2.8733256e-01   6.2715538e+00   9.0558771e-01   2.3691988e+02   8.0403130e+01
   2.8783314e-01   6.3596449e+00   9.2480737e-01   2.3138641e+02   7.9367263e+01
   2.8833372e-01   6.4648678e+00   9.5301763e-01   2.2696553e+02   8.9099285e+01
   2.8883430e-01   6.6058943e+00   9.7128132e-01   2.2430122e+02   1.0541623e+02
   2.8933488e-01   6.7411375e+00   1.0281111e+00   2.2013213e+02   1.2468423e+02
   2.8983546e-01   6.8060834e+00   1.1174904e+00   2.1669945e+02   1.4674845e+02
   2.9033604e-01   6.8793126e+00   1.1996228e+00   2.1671878e+02   1.6857492e+02
   2.9083662e-01   7.0329203e+00   1.2437264e+00   2.1610502e+02   1.8946852e+02
   2.9133720e-01   7.1660632e+00   1.3022406e+00   2.0766054e+02   2.0687038e+02
   2.9183778e-01   7.2649574e+00   1.3553002e+00   1.8741035e+02   2.1577658e+02
   2.9233835e-01   7.3434324e+00   1.4109899e+00   1.5907498e+02   2.1584018e+02
   2.9283893e-01   7.3862473e+00   1.4633017e+00   1.3148943e+02   2.1180352e+02
   2.9333951e-01   7.4280198e+00   1.5171947e+00   1.1131302e+02   2.0711938e+02
   2.9384009e-01   7.4741132e+00   1.5922374e+00   9.9477612e+01   2.0438673e+02
   2.9434067e-01   7.5173380e+00   1.6600949e+00   9.4123071e+01   2.0541228e+02
   2.9484125e-01   7.5673740e+00   1.7181736e+00   9.1703167e+01   2.0760322e+02
   2.9534183e-01   7.6256414e+00   1.7849720e+00   8.7882421e+01   2.0500750e+02
   2.9584241e-01   7.6608122e+00   1.8598446e+00   8.0998250e+01   1.9582877e+02
   2.9634299e-01   7.6870937e+00   1.9186944e+00   7.1345973e+01   1.8400616e+02
   2.9684357e-01   7.7341549e+00   1.9941447e+00   5.8153021e+01   1.7179341e+02
   2.9734415e-01   7.7619295e+00   2.0740669e+00   4.1146872e+01   1.5875895e+02
   2.9784473e-01   7.7644746e+00   2.1186603e+00   2.5003640e+01   1.4973716e+02
   2.9834531e-01   7.7667728e+00   2.1617867e+00   1.2577841e+01   1.4692971e+02
   2.9884589e-01   7.7499275e+00   2.2076560e+00   5.0436143e+00   1.5007697e+02
   2.9934647e-01   7.7259378e+00   2.2469879e+00   1.4486042e+00   1.5996224e+02
   2.9984705e-01   7.7725519e+00   2.3441977e+00  -5.2727001e+00   1.7088201e+02
   3.0034762e-01   7.7990909e+00   2.4414491e+00  -1.8766508e+01   1.7668012e+02
   3.0084820e-01   7.7508942e+00   2.4900186e+00  -3.9529955e+01   1.7179254e+02
   3.0134878e-01   7.6977072e+00   2.5390260e+00  -6.0899092e+01   1.5761146e+02
   3.0184936e-01   7.6423907e+00   2.5766807e+00  -7.4731144e+01   1.4259149e+02
   3.0234994e-01   7.6298335e+00   2.6365765e+00  -8.1392475e+01   1.4001202e+02
   3.0285052e-01   7.5807531e+00   2.6717852e+00  -8.3130111e+01   1.5353533e+02
   3.0335110e-01   7.5095484e+00   2.6882232e+00  -8.1083915e+01   1.7427754e+02
   3.0385168e-01   7.4868195e+00   2.7311020e+00  -7.7798205e+01   1.9239445e+02
   3.0435226e-01   7.4602296e+00   2.7772215e+00  -7.7157071e+01   2.0026284e+02
   3.0485284e-01   7.4320050e+00   2.8435285e+00  -8.2547803e+01   1.9292668e+02
   3.0535342e-01   7.3906306e+00   2.8813013e+00  -9.4256424e+01   1.7056491e+02
   3.0585400e-01   7.3242346e+00   2.8812812e+00  -1.0768446e+02   1.4294229e+02
   3.0635458e-01   7.2562893e+00   2.8834753e+00  -1.1805604e+02   1.1978763e+02
   3.0685516e-01   7.1872387e+00   2.8856765e+00  -1.2268508e+02   1.0528218e+02
   3.0735574e-01   7.1199876e+00   2.8889494e+00  -1.2143453e+02   9.9091369e+01
   3.0785632e-01   7.0642323e+00   2.9039714e+00  -1.1720786e+02   9.6872404e+01
   3.0835689e-01   7.0162631e+00   2.9217474e+00  -1.1365806e+02   9.4116484e+01
   3.0885747e-01   6.9666851e+00   2.9187322e+00  -1.1262901e+02   9.0507201e+01
   3.0935805e-01   6.9085011e+00   2.9000374e+00  -1.1438288e+02   8.7615686e+01
   3.0985863e-01   6.8458554e+00   2.8923827e+00  -1.1723219e+02   8.4855459e+01
   3.1035921e-01   6.7795513e+00   2.8794080e+00  -1.1971083e+02   8.2176745e+01
   3.1085979e-01   6.7238126e+00   2.8671217e+00  -1.2243302e+02   8.0481410e+01
   3.1136037e-01   6.6663642e+00   2.8659603e+00  -1.2656515e+02   7.9969953e+01
   3.1186095e-01   6.6030368e+00   2.8596734e+00  -1.3268355e+02   7.9362470e+01
   3.1236153e-01   6.5343607e+00   2.8510421e+00  -1.4054496e+02   7.7658821e+01
   3.1286211e-01   6.4518187e+00   2.8457003e+00  -1.4843192e+02   7.5857328e+01
   3.1336269e-01   6.3693662e+00   2.8360568e+00  -1.5577797e+02   7.5905313e+01
   3.1386327e-01   6.2952780e+00   2.8236194e+00  -1.6373938e+02   7.7707406e+01
   3.1436385e-01   6.2128873e+00   2.8303027e+00  -1.7236148e+02   8.0093810e+01
   3.1486443e-01   6.1267468e+00   2.8242284e+00  -1.8140049e+02   8.2487133e+01
   3.1536501e-01   6.0242523e+00   2.8046912e+00  -1.8901580e+02   8.1345295e+01
   3.1586559e-01   5.9055919e+00   2.7898994e+00  -1.9282817e+02   7.3570507e+01
   3.1636616e-01   5.8129569e+00   2.7741798e+00  -1.9242214e+02   6.1527372e+01
   3.1686674e-01   5.7316938e+00   2.7647545e+00  -1.9049656e+02   5.1503558e+01
   3.1736732e-01   5.6397347e+00   2.7541158e+00  -1.8967239e+02   4.8926943e+01
   3.1786790e-01   5.5375753e+00   2.7542526e+00  -1.9015761e+02   5.1882300e+01
   3.1836848e-01   5.4420682e+00   2.7575324e+00  -1.9088398e+02   5.5087609e+01
   3.1886906e-01   5.3456145e+00   2.7545552e+00  -1.9082155e+02   5.5879644e+01
   3.1936964e-01   5.2477734e+00   2.7543220e+00  -1.9006684e+02   5.3365513e+01
   3.1987022e-01   5.1584608e+00   2.7516304e+00  -1.8912962e+02   4.8057780e+01
   3.2037080e-01   5.0650572e+00   2.7434493e+00  -1.8891750e+02   4.1378289e+01
   3.2087138e-01   4.9686000e+00   2.7291466e+00  -1.8979962e+02   3.5687033e+01
   3.2137196e-01   4.8740534e+00   2.7204546e+00  -1.9182658e+02   3.2657223e+01
   3.2187254e-01   4.7803839e+00   2.7100524e+00  -1.9479232e+02   3.1570703e+01
   3.2237312e-01   4.6795962e+00   2.6872276e+00  -1.9813858e+02   3.0230072e+01
   3.2287370e-01   4.5765215e+00   2.6780227e+00  -2.0069899e+02   2.8343353e+01
   3.2337428e-01   4.4734714e+00   2.6760510e+00  -2.0190592e+02   2.8815536e+01
   3.2387486e-01   4.3693605e+00   2.6663839e+00  -2.0161304e+02   3.3317605e+01
   3.2437543e-01   4.2684624e+00   2.6618769e+00  -2.0001725e+02   3.9329632e+01
   3.2487601e-01   4.1768851e+00   2.6560493e+00  -1.9816778e+02   4.3642732e+01
   3.2537659e-01   4.0770400e+00   2.6470139e+00  -1.9674280e+02   4.5701921e+01
   3.2587717e-01   3.9731587e+00   2.6393780e+00  -1.9609012e+02   4.6782566e+01
   3.2637775e-01   3.8797578e+00   2.6192115e+00  -1.9607194e+02   4.7652245e+01
   3.2687833e-01   3.7864567e+00   2.6000123e+00  -1.9729476e+02   4.8794266e+01
   3.2737891e-01   3.6874590e+00   2.5963535e+00  -1.9999463e+02   5.0567666e+01
   3.2787949e-01   3.5805647e+00   2.5825463e+00  -2.0328463e+02   5.3560805e+01
   3.2838007e-01   3.4785299e+00   2.5641444e+00  -2.0661623e+02   5.8418150e+01
   3.2888065e-01   3.3735283e+00   2.5503956e+00  -2.0963442e+02   6.4212831e+01
   3.2938123e-01   3.2654584e+00   2.5224262e+00  -2.1202147e+02   6.8220334e+01
   3.2988181e-01   3.1629145e+00   2.4948823e+00  -2.1336857e+02   6.8394512e+01
   3.3038239e-01   3.0510883e+00   2.4672182e+00  -2.1314382e+02   6.4784461e+01
   3.3088297e-01   2.9374516e+00   2.4462483e+00  -2.1157427e+02   5.8941446e+01
   3.3138355e-01   2.8349874e+00   2.4336783e+00  -2.0953838e+02   5.3717027e+01
   3.3188413e-01   2.7403293e+00   2.4226508e+00  -2.0855106e+02   5.2131870e+01
   3.3238470e-01   2.6439091e+00   2.4036348e+00  -2.1062222e+02   5.4495205e+01
   3.3288528e-01   2.5304247e+00   2.3886527e+00  -2.1514858e+02   5.8955446e+01
   3.3338586e-01   2.4136693e+00   2.3762180e+00  -2.1981604e+02   6.3176256e+01
   3.3388644e-01   2.3060717e+00   2.3513743e+00  -2.2344255e+02   6.4838694e+01
   3.3438702e-01   2.1885000e+00   2.3307343e+00  -2.2522082e+02   6.2972609e+01
   3.3488760e-01   2.0731154e+00   2.3053674e+00  -2.2552969e+02   5.8380979e+01
   3.3538818e-01   1.9662778e+00   2.2978780e+00  -2.2572297e+02   5.3355699e+01
   3.3588876e-01   1.8508932e+00   2.2920768e+00  -2.2591562e+02   4.9735025e+01
   3.3638934e-01   1.7397821e+00   2.2789070e+00  -2.2646524e+02   4.8348111e+01
   3.3688992e-01   1.6286709e+00   2.2635286e+00  -2.2801221e+02   4.7547691e+01
   3.3739050e-01   1.5047393e+00   2.2488309e+00  -2.2876216e+02   4.5486785e+01
   3.3789108e-01   1.3936281e+00   2.2478623e+00  -2.2937629e+02   4.2845979e+01
   3.3839166e-01   1.2867905e+00   2.2421058e+00  -2.3047473e+02   4.2371370e+01
   3.3889224e-01   1.1585855e+00   2.2331534e+00  -2.3160496e+02   4.5045955e+01
   3.3939282e-01   1.0520181e+00   2.2392722e+00  -2.3385466e+02   4.6552114e+01
   3.3989340e-01   9.3461644e-01   2.2447969e+00  -2.3644329e+02   4.5183246e+01
   3.4039397e-01   8.0629055e-01   2.2466227e+00  -2.3910744e+02   4.2297862e+01
   3.4089455e-01   6.9292296e-01   2.2328951e+00  -2.4152612e+02   4.1730028e+01
   3.4139513e-01   5.6456838e-01   2.2086752e+00  -2.4271108e+02   4.3266648e+01
   3.4189571e-01   4.4491039e-01   2.1951734e+00  -2.4271552e+02   4.4230773e+01
   3.4239629e-01   5.9234630e-01   2.1655879e+00  -2.5214872e+02   3.4796563e+01
   3.4289687e-01   4.6253846e-01   2.1676790e+00  -2.5071875e+02   3.5377236e+01
   3.4339745e-01   3.4234630e-01   2.1727973e+00  -2.4887553e+02   3.7261811e+01
   3.4389803e-01   2.1734630e-01   2.1699506e+00  -2.4734804e+02   3.8718337e+01
   3.4439861e-01   9.2346154e-02   2.1768784e+00  -2.4659026e+02   3.8225260e+01
   3.4489919e-01  -2.3605384e-02   2.1993513e+00  -2.4800455e+02   3.5446605e+01
   3.4539977e-01  -1.4646871e-01   2.1962199e+00  -2.5189086e+02   3.2951390e+01
   3.4590035e-01  -2.7535340e-01   2.1870682e+00  -2.5719783e+02   3.3637723e+01
   3.4640093e-01  -4.0737082e-01   2.1862839e+00  -2.6263218e+02   3.7031183e+01
   3.4690151e-01  -5.4921051e-01   2.1801091e+00  -2.6693950e+02   3.9270499e+01
   3.4740209e-01  -6.8959445e-01   2.1710205e+00  -2.6878045e+02   3.8866522e+01
   3.4790267e-01  -8.1522197e-01   2.1729611e+00  -2.6908826e+02   3.6049035e+01
   3.4840324e-01  -6.4237158e-01   2.1601234e+00  -2.7254760e+02   3.3760686e+01
   3.4890382e-01  -7.9170482e-01   2.1475600e+00  -2.7503115e+02   3.0868179e+01
   3.4940440e-01  -9.2593488e-01   2.1346615e+00  -2.7919395e+02   3.0269396e+01
   3.4990498e-01  -1.0592439e+00   2.1234251e+00  -2.8431986e+02   3.0175908e+01
   3.5040556e-01  -1.2071044e+00   2.1132523e+00  -2.8968273e+02   2.9403496e+01
   3.5090614e-01  -1.3609505e+00   2.0935604e+00  -2.9434323e+02   2.9035733e+01
   3.5140672e-01  -1.5202912e+00   2.0848445e+00  -2.9635731e+02   3.0112823e+01
   3.5190730e-01  -1.6631484e+00   2.0776861e+00  -2.9612197e+02   3.2677181e+01
   3.5240788e-01  -1.8005110e+00   2.0684436e+00  -2.9640630e+02   3.6197166e+01
   3.5290846e-01  -1.9543571e+00   2.0469964e+00  -2.9800126e+02   3.8586797e+01
   3.5340904e-01  -2.1033513e+00   2.0269637e+00  -3.0081619e+02   3.9026907e+01
   3.5390962e-01  -2.2517030e+00   2.0162192e+00  -3.0434019e+02   3.8041985e+01
   3.5441020e-01  -2.4158956e+00   2.0067335e+00  -3.0730214e+02   3.7692583e+01
   3.5491078e-01  -2.5697418e+00   2.0113968e+00  -3.0956563e+02   4.0044912e+01
   3.5541136e-01  -2.7180934e+00   1.9897242e+00  -3.1116929e+02   4.3310943e+01
   3.5591194e-01  -2.8774341e+00   1.9647679e+00  -3.1210372e+02   4.4909217e+01
   3.5641251e-01  -3.0367747e+00   1.9589511e+00  -3.1334050e+02   4.4814555e+01
   3.5691309e-01  -3.1969957e+00   1.9509909e+00  -3.1421611e+02   4.3004107e+01
   3.5741367e-01  -3.3508419e+00   1.9566693e+00  -3.1361229e+02   4.0007484e+01
   3.5791425e-01  -3.4983132e+00   1.9639789e+00  -3.1177834e+02   3.7163191e+01
   3.5841483e-01  -3.6686429e+00   1.9613769e+00  -3.0839791e+02   3.7131902e+01
   3.5891541e-01  -3.8328945e+00   1.9631132e+00  -2.9921462e+02   4.4776524e+01
   3.5941599e-01  -3.9636828e+00   1.9672166e+00  -2.8490306e+02   6.1918539e+01
   3.5991657e-01  -4.0949681e+00   1.9719361e+00  -2.6996811e+02   8.5355044e+01
   3.6041715e-01  -4.2485047e+00   1.9793342e+00  -2.5737328e+02   1.1334599e+02
   3.6091773e-01  -4.3358114e+00   1.9682616e+00  -2.5178674e+02   1.3572309e+02
   3.6141831e-01  -4.4235609e+00   1.9475346e+00  -2.5713150e+02   1.4176180e+02
   3.6191889e-01  -4.5846732e+00   1.9330229e+00  -2.7300699e+02   1.2863248e+02
   3.6241947e-01  -4.7458335e+00   1.9236575e+00  -2.9270212e+02   1.0340631e+02
   3.6292005e-01  -4.8941852e+00   1.8989711e+00  -3.1068624e+02   7.7149236e+01
   3.6342063e-01  -5.0553707e+00   1.8797309e+00  -3.2486591e+02   5.6551789e+01
   3.6392121e-01  -5.2415608e+00   1.8631100e+00  -3.3518112e+02   4.3561374e+01
   3.6442178e-01  -5.3111025e+00   2.0092810e+00  -3.5062184e+02   3.0830491e+01
   3.6492236e-01  -5.4831277e+00   2.0023170e+00  -3.5504092e+02   2.3342965e+01
   3.6542294e-01  -5.6693562e+00   2.0070702e+00  -3.5825272e+02   1.8682257e+01
   3.6592352e-01  -5.8510117e+00   2.0112747e+00  -3.6008474e+02   1.6634030e+01
   3.6642410e-01  -6.0272307e+00   1.9952706e+00  -3.6117242e+02   1.6993357e+01
   3.6692468e-01  -6.2110017e+00   1.9865242e+00  -3.6199110e+02   1.7932766e+01
   3.6742526e-01  -6.3967509e+00   1.9734221e+00  -3.6308274e+02   1.7113935e+01
   3.6792584e-01  -6.5689330e+00   1.9604133e+00  -3.6530422e+02   1.4122645e+01
   3.6842642e-01  -6.7523949e+00   1.9725839e+00  -3.6819042e+02   1.1267190e+01
   3.6892700e-01  -6.9433379e+00   1.9721198e+00  -3.7161821e+02   1.0279424e+01
   3.6942758e-01  -7.1310996e+00   1.9678209e+00  -3.7407561e+02   1.1212144e+01
   3.6992816e-01  -7.3264779e+00   1.9675182e+00  -3.7513527e+02   1.3862839e+01
   3.7042874e-01  -7.5068172e+00   1.9594527e+00  -3.7572154e+02   1.7126007e+01
   3.7092932e-01  -7.6938673e+00   1.9467263e+00  -3.7644188e+02   1.9377988e+01
   3.7142990e-01  -7.8797076e+00   1.9335280e+00  -3.7842861e+02   1.9705089e+01
   3.7193048e-01  -8.0725920e+00   1.9329693e+00  -3.8107334e+02   1.8568353e+01
   3.7243105e-01  -8.2718385e+00   1.9357711e+00  -3.8372504e+02   1.6902654e+01
   3.7293163e-01  -7.8510170e+00   1.3863725e+00  -3.8987361e+02   1.2688087e+01
   3.7343221e-01  -8.0529297e+00   1.3824384e+00  -3.8990901e+02   1.3658441e+01
   3.7393279e-01  -8.2482629e+00   1.3851219e+00  -3.8949871e+02   1.5332997e+01
   3.7443337e-01  -8.4411664e+00   1.3689478e+00  -3.8874650e+02   1.7139918e+01
   3.7493395e-01  -8.6338079e+00   1.3686946e+00  -3.8836133e+02   1.8119915e+01
   3.7543453e-01  -8.8231263e+00   1.3724657e+00  -3.8899027e+02   1.8813919e+01
   3.7593511e-01  -9.0240432e+00   1.3667544e+00  -3.8964292e+02   2.0243109e+01
   3.7643569e-01  -9.2190834e+00   1.3704592e+00  -3.8850559e+02   2.3200292e+01
   3.7693627e-01  -9.4136808e+00   1.3776855e+00  -3.8551593e+02   2.7775626e+01
   3.7743685e-01  -9.6140536e+00   1.3768923e+00  -3.8084612e+02   3.4624251e+01
   3.7793743e-01  -9.7975375e+00   1.3698993e+00  -3.7592698e+02   4.1450520e+01
   3.7843801e-01  -1.0213554e+01   1.4405615e+00  -3.6486555e+02   4.5279386e+01
   3.7893859e-01  -1.0398592e+01   1.4337159e+00  -3.6486126e+02   3.9739589e+01
   3.7943917e-01  -1.0591649e+01   1.4485344e+00  -3.6945808e+02   3.1444165e+01
   3.7993975e-01  -1.0769447e+01   1.4496595e+00  -3.7714803e+02   2.6096108e+01
   3.8044032e-01  -1.0960277e+01   1.4611405e+00  -3.8598033e+02   2.9119141e+01
   3.8094090e-01  -1.1162781e+01   1.4977336e+00  -3.9561545e+02   3.5457663e+01
   3.8144148e-01  -1.1368229e+01   1.5116519e+00  -4.0371090e+02   4.0061890e+01
   3.8194206e-01  -1.1580831e+01   1.5292637e+00  -4.0908287e+02   4.2270913e+01
   3.8244264e-01  -1.1780800e+01   1.5630012e+00  -4.1262109e+02   4.1667721e+01
   3.8294322e-01  -1.1993411e+01   1.5725483e+00  -4.1565302e+02   3.9435861e+01
   3.8344380e-01  -1.2198448e+01   1.5689402e+00  -4.1955770e+02   3.6496425e+01
   3.8394438e-01  -1.2402473e+01   1.5876227e+00  -4.2449483e+02   3.4687226e+01
   3.8444496e-01  -1.2622457e+01   1.5952359e+00  -4.3006230e+02   3.8715034e+01
   3.8494554e-01  -1.2847377e+01   1.5703488e+00  -4.3292366e+02   4.6593344e+01
   3.8544612e-01  -1.3073076e+01   1.5459030e+00  -4.3086290e+02   5.4546367e+01
   3.8594670e-01  -1.3283266e+01   1.5109566e+00  -4.2379304e+02   6.0637718e+01
   3.8644728e-01  -1.3499238e+01   1.4839147e+00  -4.1507329e+02   6.3210563e+01
   3.8694786e-01  -1.3691634e+01   1.4522236e+00  -4.0905420e+02   6.3453932e+01
   3.8744844e-01  -1.3874608e+01   1.4101621e+00  -4.0932964e+02   6.0470998e+01
   3.8794902e-01  -1.4071640e+01   1.3641042e+00  -4.1756071e+02   5.1472154e+01
   3.8844959e-01  -1.4299148e+01   1.3548103e+00  -4.3042816e+02   3.8745734e+01
   3.8895017e-01  -1.4536108e+01   1.3541002e+00  -4.4274639e+02   2.8288481e+01
   3.8945075e-01  -1.4759434e+01   1.3530158e+00  -4.5136063e+02   2.6674867e+01
   3.8995133e-01  -1.4989272e+01   1.3639775e+00  -4.5687402e+02   2.8729050e+01
   3.9045191e-01  -1.5219071e+01   1.3597569e+00  -4.6069351e+02   2.9074909e+01
   3.9095249e-01  -1.5446321e+01   1.3647841e+00  -4.6440891e+02   2.7050973e+01
   3.9145307e-01  -1.5680554e+01   1.3680964e+00  -4.6958810e+02   2.2792153e+01
   3.9195365e-01  -1.5924698e+01   1.3615321e+00  -4.7879966e+02   1.6829319e+01
   3.9245423e-01  -1.6161344e+01   1.3497546e+00  -4.9405708e+02   1.7874644e+01
   3.9295481e-01  -1.6397125e+01   1.3455388e+00  -5.1800533e+02   3.8873826e+01
   3.9345539e-01  -1.6658663e+01   1.3589149e+00  -5.5084837e+02   7.0528703e+01
   3.9395597e-01  -1.6970034e+01   1.3641763e+00  -5.8780716e+02   1.0077576e+02
   3.9445655e-01  -1.7294160e+01   1.3492023e+00  -6.2148156e+02   1.2240643e+02
   3.9495713e-01  -1.7630324e+01   1.3118685e+00  -6.4697618e+02   1.3328754e+02
   3.9545771e-01  -1.7974142e+01   1.2786034e+00  -6.6487931e+02   1.3349686e+02
   3.9595829e-01  -1.8310786e+01   1.2551604e+00  -6.7782651e+02   1.2225324e+02
   3.9645886e-01  -1.8638395e+01   1.2465986e+00  -6.9061376e+02   9.8177935e+01
   3.9695944e-01  -1.8981459e+01   1.2532603e+00  -7.0595504e+02   6.4774667e+01
   3.9746002e-01  -1.9364365e+01   1.2455793e+00  -7.2202716e+02   3.0140077e+01
   3.9796060e-01  -1.9738096e+01   1.2378607e+00  -7.3533444e+02   6.8998869e+00
   3.9846118e-01  -2.0354387e+01   1.3791923e+00  -7.4874733e+02   1.8296970e+01
   3.9896176e-01  -2.0738885e+01   1.3849846e+00  -7.5434059e+02   2.5630550e+01
   3.9946234e-01  -2.1117255e+01   1.4050799e+00  -7.5511770e+02   2.7134040e+01
   3.9996292e-01  -2.1499233e+01   1.4153378e+00  -7.5197694e+02   2.4861612e+01
   4.0046350e-01  -2.1871294e+01   1.4068089e+00  -7.4708759e+02   2.0744882e+01
   4.0096408e-01  -2.2239378e+01   1.4246428e+00  -7.4202792e+02   1.6944354e+01
   4.0146466e-01  -2.2608272e+01   1.4435850e+00  -7.3863625e+02   1.3548977e+01
   4.0196524e-01  -2.2966895e+01   1.4204658e+00  -7.3832553e+02   1.0968864e+01
   4.0246582e-01  -2.3339891e+01   1.4183716e+00  -7.4092029e+02   8.6208220e+00
   4.0296640e-01  -2.3709752e+01   1.4369777e+00  -7.4556352e+02   6.2138313e+00
   4.0346698e-01  -2.4085566e+01   1.4394203e+00  -7.5012895e+02   4.6005157e+00
   4.0396756e-01  -2.4472360e+01   1.4384698e+00  -7.5293945e+02   4.1998294e+00
   4.0446813e-01  -2.4849382e+01   1.4282314e+00  -7.5334036e+02   5.3434702e+00
   4.0496871e-01  -2.5227321e+01   1.4295329e+00  -7.5200845e+02   8.8920888e+00
   4.0546929e-01  -2.5595773e+01   1.4476632e+00  -7.5119994e+02   1.2303752e+01
   4.0596987e-01  -2.5967538e+01   1.4675609e+00  -7.5254900e+02   1.2496818e+01
   4.0647045e-01  -2.6345623e+01   1.4590451e+00  -7.5573347e+02   1.1442393e+01
   4.0697103e-01  -2.6723168e+01   1.4560533e+00  -7.5982258e+02   1.3255822e+01
   4.0747161e-01  -2.7113959e+01   1.4633092e+00  -7.6305395e+02   1.9449910e+01
   4.0797219e-01  -2.7502617e+01   1.4417075e+00  -7.6413525e+02   2.5908429e+01
   4.0847277e-01  -2.7876914e+01   1.4280426e+00  -7.6357253e+02   2.9329077e+01
   4.0897335e-01  -2.8256450e+01   1.4223273e+00  -7.6221014e+02   2.9505265e+01
   4.0947393e-01  -2.8639251e+01   1.4186196e+00  -7.6130266e+02   2.8881772e+01
   4.0997451e-01  -2.8458435e+01   1.4789710e+00  -7.7174486e+02   3.1328153e+01
   4.1047509e-01  -2.8848589e+01   1.5117897e+00  -7.6943556e+02   3.3327214e+01
   4.1097567e-01  -2.9225886e+01   1.5291642e+00  -7.6722738e+02   2.9609884e+01
   4.1147625e-01  -2.9605908e+01   1.5357874e+00  -7.6663839e+02   2.3855650e+01
   4.1197683e-01  -2.9989610e+01   1.5389745e+00  -7.6880749e+02   1.8594180e+01
   4.1247740e-01  -3.0376897e+01   1.5323712e+00  -7.7113440e+02   1.6129950e+01
   4.1297798e-01  -3.0755443e+01   1.5371004e+00  -7.7379475e+02   1.8512377e+01
   4.1347856e-01  -3.1150886e+01   1.5805459e+00  -7.7493720e+02   2.4181884e+01
   4.1397914e-01  -3.1564248e+01   1.5794554e+00  -7.7279524e+02   3.0474432e+01
   4.1447972e-01  -3.1923399e+01   1.5632527e+00  -7.6953507e+02   3.5462940e+01
   4.1498030e-01  -3.2301052e+01   1.6116249e+00  -7.6798977e+02   3.6207958e+01
   4.1548088e-01  -3.2689990e+01   1.6746561e+00  -7.7002766e+02   3.0416546e+01
   4.1598146e-01  -3.3066750e+01   1.6827931e+00  -7.7446702e+02   1.7067364e+01
   4.1648204e-01  -3.3466157e+01   1.6391998e+00  -7.7826375e+02   3.3006920e+00
   4.1698262e-01  -3.3867536e+01   1.6036971e+00  -7.7927551e+02   1.1447949e+00
   4.1748320e-01  -3.4261185e+01   1.6356110e+00  -7.7734898e+02   4.5826253e+00
   4.1798378e-01  -3.4638035e+01   1.6519747e+00  -7.7298407e+02   1.3267701e+01
   4.1848436e-01  -3.5011795e+01   1.6485486e+00  -7.6770039e+02   1.8784343e+01
   4.1898494e-01  -3.5401492e+01   1.6702357e+00  -7.6231972e+02   1.8541213e+01
   4.1948552e-01  -3.5795859e+01   1.7033415e+00  -7.5559147e+02   1.2601757e+01
   4.1998610e-01  -3.6167936e+01   1.6973856e+00  -7.4818614e+02   3.6513823e+00
   4.2048667e-01  -3.6515755e+01   1.6665556e+00  -7.4318340e+02   2.8649585e+00
   4.2098725e-01  -3.8047802e+01   0.0000000e+00  -7.4191240e+02   0.0000000e+00
   4.2148783e-01  -3.8435608e+01   0.0000000e+00  -7.5160658e+02   0.0000000e+00
   4.2198841e-01  -3.8830320e+01   0.0000000e+00  -7.6378434e+02   0.0000000e+00
   4.2248899e-01  -3.9222642e+01   0.0000000e+00  -7.7326708e+02   0.0000000e+00
   4.2298957e-01  -3.9614507e+01   0.0000000e+00  -7.7823117e+02   0.0000000e+00
   4.2349015e-01  -4.0001148e+01   0.0000000e+00  -7.8017840e+02   0.0000000e+00
   4.2399073e-01  -4.0388796e+01   0.0000000e+00  -7.8075896e+02   0.0000000e+00
   4.2449131e-01  -4.0784802e+01   0.0000000e+00  -7.8096447e+02   0.0000000e+00
   4.2499189e-01  -4.1172924e+01   0.0000000e+00  -7.8109897e+02   0.0000000e+00
   4.2549247e-01  -4.1564061e+01   0.0000000e+00  -7.8092219e+02   0.0000000e+00
   4.2599305e-01  -4.1955796e+01   0.0000000e+00  -7.7996121e+02   0.0000000e+00
   4.2649363e-01  -4.2344079e+01   0.0000000e+00  -7.7871640e+02   0.0000000e+00
   4.2699421e-01  -4.2733765e+01   0.0000000e+00  -7.7748184e+02   0.0000000e+00
   4.2749479e-01  -4.3123061e+01   0.0000000e+00  -7.7651731e+02   0.0000000e+00
   4.2799537e-01  -4.3503864e+01   0.0000000e+00  -7.7685718e+02   0.0000000e+00
   4.2849594e-01  -4.3893235e+01   0.0000000e+00  -7.7846541e+02   0.0000000e+00
   4.2899652e-01  -4.4287518e+01   0.0000000e+00  -7.8077537e+02   0.0000000e+00
   4.2949710e-01  -4.4676702e+01   0.0000000e+00  -7.8179341e+02   0.0000000e+00
   4.2999768e-01  -4.5072153e+01   0.0000000e+00  -7.8071279e+02   0.0000000e+00
   4.3049826e-01  -4.5466468e+01   0.0000000e+00  -7.7733891e+02   0.0000000e+00
   4.3099884e-01  -4.5857398e+01   0.0000000e+00  -7.7205729e+02   0.0000000e+00
   4.3149942e-01  -4.6226816e+01   0.0000000e+00  -7.6612332e+02   0.0000000e+00
   4.3200000e-01  -4.6603680e+01   0.0000000e+00  -7.6086645e+02   0.0000000e+00
