   0.0000000e+00  -9.8290598e-02   8.4069725e-02  -1.6167773e+00   5.1615090e+00
   5.0057937e-04  -1.0256410e-01   8.6002615e-02  -8.7771763e-01   5.4030412e+00
   1.0011587e-03  -1.0256410e-01   8.6002615e-02   2.6063557e-01   5.7785791e+00
   1.5017381e-03  -9.8290598e-02   8.4069725e-02   1.0458535e+00   6.6220468e+00
   2.0023175e-03  -9.8290598e-02   7.2239921e-02   1.4653066e+00   5.7191582e+00
   2.5028969e-03  -9.8290598e-02   7.4755794e-02   1.5262562e+00   3.0513130e+00
   3.0034762e-03  -9.4017094e-02   8.1840675e-02   1.4842463e+00   4.8247928e+00
   3.5040556e-03  -9.8290598e-02   8.4069725e-02   2.1094160e+00   8.3763417e+00
   4.0046350e-03  -9.8290598e-02   8.4069725e-02   2.8287855e+00   9.3290172e+00
   4.5052144e-03  -9.4017094e-02   8.4069725e-02   3.5091733e+00   8.7223987e+00
   5.0057937e-03  -8.9743590e-02   8.1589244e-02   3.5554458e+00   8.0874759e+00
   5.5063731e-03  -8.1196581e-02   7.7984135e-02   2.3361006e+00   7.3723831e+00
   6.0069525e-03  -8.9743590e-02   7.9290493e-02   8.8481496e-01   6.6602023e+00
   6.5075319e-03  -9.4017094e-02   8.1840675e-02   1.9924352e-01   6.0257902e+00
   7.0081112e-03  -8.9743590e-02   8.1589244e-02   8.2130144e-01   5.5980053e+00
   7.5086906e-03  -8.9743590e-02   8.1589244e-02   1.9861603e+00   5.5997551e+00
   8.0092700e-03  -8.5470085e-02   8.1084043e-02   3.1838723e+00   5.2147071e+00
   8.5098494e-03  -8.5470085e-02   8.1084043e-02   4.0234933e+00   4.6128506e+00
   9.0104287e-03  -8.1196581e-02   7.7984135e-02   4.0788654e+00   4.6382847e+00
   9.5110081e-03  -8.1196581e-02   7.7984135e-02   3.6160014e+00   6.3350867e+00
   1.0011587e-02  -7.6923077e-02   7.4480449e-02   2.6748694e+00   8.1073821e+00
   1.0512167e-02  -7.2649573e-02   7.3088168e-02   1.4021630e+00   8.6285719e+00
   1.1012746e-02  -8.1196581e-02   7.7984135e-02   6.3338347e-01   9.0543540e+00
   1.1513326e-02  -8.1196581e-02   6.5056997e-02   4.8760873e-01   9.5304083e+00
   1.2013905e-02  -7.6923077e-02   5.7692308e-02  -2.1681578e-02   8.3886937e+00
   1.2514484e-02  -7.6923077e-02   6.9337525e-02  -1.0552900e+00   7.2219317e+00
   1.3015064e-02  -7.2649573e-02   7.0512821e-02  -2.1655552e+00   8.6144042e+00
   1.3515643e-02  -7.6923077e-02   6.3781246e-02  -2.8572904e+00   1.0011838e+01
   1.4016222e-02  -9.4017094e-02   7.2239921e-02  -1.5888002e+00   1.1327415e+01
   1.4516802e-02  -9.4017094e-02   7.4755794e-02   1.8363030e+00   1.4098495e+01
   1.5017381e-02  -7.2649573e-02   7.5575808e-02   4.9287328e+00   1.7529933e+01
   1.5517961e-02  -6.8376068e-02   7.8770550e-02   5.6839576e+00   1.8801973e+01
   1.6018540e-02  -7.2649573e-02   8.4799722e-02   3.9452536e+00   1.7460921e+01
   1.6519119e-02  -6.8376068e-02   9.1780904e-02   1.4144615e+00   1.5454204e+01
   1.7019699e-02  -7.2649573e-02   9.1106862e-02  -2.5114400e-01   1.3406417e+01
   1.7520278e-02  -7.6923077e-02   7.9290493e-02  -3.0971496e-01   1.1111119e+01
   1.8020857e-02  -7.6923077e-02   7.6923077e-02   1.4330033e+00   8.0448153e+00
   1.8521437e-02  -7.2649573e-02   7.3088168e-02   3.9752804e+00   5.4379231e+00
   1.9022016e-02  -6.8376068e-02   7.8770550e-02   6.1603968e+00   6.7620941e+00
   1.9522596e-02  -6.4102564e-02   8.6002615e-02   7.5152941e+00   1.0859893e+01
   2.0023175e-02  -5.5555556e-02   8.4069725e-02   8.1107503e+00   1.5891209e+01
   2.0523754e-02  -5.5555556e-02   9.4428973e-02   8.1179447e+00   2.0932710e+01
   2.1024334e-02  -5.5555556e-02   1.1065818e-01   7.6518376e+00   2.3768202e+01
   2.1524913e-02  -4.7008547e-02   1.1975347e-01   6.8215088e+00   2.3883885e+01
   2.2025492e-02  -3.8461538e-02   1.2756249e-01   5.1916677e+00   2.1740543e+01
   2.2526072e-02  -3.8461538e-02   1.2756249e-01   3.0454719e+00   1.8478613e+01
   2.3026651e-02  -4.7008547e-02   1.3152746e-01   1.6064827e+00   1.4980921e+01
   2.3527231e-02  -4.7008547e-02   1.3837842e-01   1.9093350e+00   1.2107662e+01
   2.4027810e-02  -4.2735043e-02   1.3926642e-01   4.3245592e+00   1.2088040e+01
   2.4528389e-02  -3.8461538e-02   1.4261920e-01   8.0421348e+00   1.4794223e+01
   2.5028969e-02  -3.4188034e-02   1.4951159e-01   1.1336562e+01   1.6526918e+01
   2.5529548e-02  -2.9914530e-02   1.4992328e-01   1.3190023e+01   1.7018311e+01
   2.6030127e-02  -1.2820513e-02   1.5504342e-01   1.2611303e+01   1.7744663e+01
   2.6530707e-02   4.2735043e-03   1.5909838e-01   8.7439778e+00   1.9416710e+01
   2.7031286e-02  -4.2735043e-03   1.7140695e-01   3.1347496e+00   2.0762849e+01
   2.7531866e-02  -1.7094017e-02   1.8255168e-01  -1.2550000e+00   2.0686087e+01
   2.8032445e-02  -1.7094017e-02   1.8356181e-01  -3.3252305e+00   1.9945292e+01
   2.8533024e-02  -1.7094017e-02   1.9432701e-01  -2.8696260e+00   1.9018380e+01
   2.9033604e-02  -1.7094017e-02   2.0632663e-01  -1.1566491e+00   1.7947402e+01
   2.9534183e-02  -1.2820513e-02   2.0532843e-01   5.5622425e-01   1.8304061e+01
   3.0034762e-02  -2.1367521e-02   2.1250749e-01   2.5125378e+00   2.0665093e+01
   3.0535342e-02  -1.7094017e-02   2.2187267e-01   3.6025336e+00   2.2996585e+01
   3.1035921e-02  -4.2735043e-03   2.3665917e-01   2.7915882e+00   2.2491362e+01
   3.1536501e-02  -4.2735043e-03   2.4810260e-01   1.4153610e-01   1.9052188e+01
   3.2037080e-02  -4.2735043e-03   2.5106610e-01  -3.1457652e+00   1.4781209e+01
   3.2537659e-02  -1.7094017e-02   2.4710686e-01  -5.0332016e+00   1.2955218e+01
   3.3038239e-02  -2.9914530e-02   2.4232126e-01  -4.2224733e+00   1.2925006e+01
   3.3538818e-02  -2.5641026e-02   2.5147494e-01  -7.9535934e-01   1.4418717e+01
   3.4039397e-02  -1.2820513e-02   2.5800784e-01   2.2005021e+00   1.7822881e+01
   3.4539977e-02  -8.5470085e-03   2.5927883e-01   2.0502258e+00   2.1160891e+01
   3.5040556e-02  -1.7094017e-02   2.6793031e-01  -7.5381278e-01   2.4936294e+01
   3.5541136e-02  -8.5470085e-03   2.8379415e-01  -4.7675465e+00   2.8067649e+01
   3.6041715e-02  -1.2820513e-02   2.9164906e-01  -8.2847796e+00   2.7937398e+01
   3.6542294e-02  -3.8461538e-02   2.9480211e-01  -1.0269135e+01   2.4687526e+01
   3.7042874e-02  -4.2735043e-02   3.0128205e-01  -1.0519881e+01   2.1196048e+01
   3.7543453e-02  -3.4188034e-02   3.0975537e-01  -9.8495139e+00   2.0078501e+01
   3.8044032e-02  -2.9914530e-02   3.2108923e-01  -1.0038271e+01   2.0585457e+01
   3.8544612e-02  -4.7008547e-02   3.1935689e-01  -1.1262967e+01   2.0999555e+01
   3.9045191e-02  -6.8376068e-02   3.2108923e-01  -1.1471367e+01   2.0006722e+01
   3.9545771e-02  -6.4102564e-02   3.3585095e-01  -1.0576174e+01   1.8396621e+01
   4.0046350e-02  -5.5555556e-02   3.2755093e-01  -1.0705633e+01   1.8611285e+01
   4.0546929e-02  -6.4102564e-02   3.1068259e-01  -1.3137416e+01   2.0977001e+01
   4.1047509e-02  -7.6923077e-02   3.0709076e-01  -1.6934006e+01   2.3549174e+01
   4.1548088e-02  -8.9743590e-02   3.0709076e-01  -2.0438916e+01   2.4190137e+01
   4.2048667e-02  -1.0256410e-01   3.0948994e-01  -2.1620086e+01   2.2909571e+01
   4.2549247e-02  -1.1538462e-01   3.0162283e-01  -2.0786740e+01   2.1137551e+01
   4.3049826e-02  -1.2393162e-01   2.9591510e-01  -1.8750747e+01   2.0921251e+01
   4.3550406e-02  -1.3675214e-01   2.9799075e-01  -1.6005146e+01   2.3964853e+01
   4.4050985e-02  -1.3247863e-01   2.9235267e-01  -1.3377363e+01   2.8830112e+01
   4.4551564e-02  -1.3675214e-01   2.8789117e-01  -1.0498066e+01   3.1456207e+01
   4.5052144e-02  -1.5384615e-01   2.8781980e-01  -6.7240173e+00   2.8630316e+01
   4.5552723e-02  -1.5811966e-01   2.8681868e-01  -1.3662447e+00   2.1527244e+01
   4.6053302e-02  -1.4957265e-01   2.9002426e-01   4.8035149e+00   1.6529399e+01
   4.6553882e-02  -1.3247863e-01   2.8660370e-01   9.4007197e+00   1.7859350e+01
   4.7054461e-02  -1.2820513e-01   2.8132190e-01   1.1954430e+01   2.2537872e+01
   4.7555041e-02  -1.2820513e-01   2.7735010e-01   1.4058879e+01   2.6584652e+01
   4.8055620e-02  -1.1965812e-01   2.7429606e-01   1.6002957e+01   2.7169439e+01
   4.8556199e-02  -1.1538462e-01   2.8000423e-01   1.8035042e+01   2.5061640e+01
   4.9056779e-02  -9.8290598e-02   2.8335944e-01   2.0031558e+01   2.4996524e+01
   4.9557358e-02  -7.2649573e-02   2.9193071e-01   2.0693726e+01   2.7724694e+01
   5.0057937e-02  -7.6923077e-02   2.9977802e-01   2.0462648e+01   3.0175021e+01
   5.0558517e-02  -8.1196581e-02   2.9695474e-01   2.1804302e+01   3.0873259e+01
   5.1059096e-02  -5.5555556e-02   2.9984655e-01   2.5308771e+01   3.0494451e+01
   5.1559676e-02  -3.4188034e-02   3.1213407e-01   2.9072378e+01   2.9825880e+01
   5.2060255e-02  -2.9914530e-02   3.1761511e-01   3.1412117e+01   2.9505115e+01
   5.2560834e-02  -8.5470085e-03   3.1351331e-01   3.1727221e+01   3.0532070e+01
   5.3061414e-02   2.1367521e-02   3.1839041e-01   2.9565929e+01   3.3315711e+01
   5.3561993e-02   2.9914530e-02   3.3296331e-01   2.4328138e+01   3.6934790e+01
   5.4062572e-02   2.9914530e-02   3.4281390e-01   1.6673978e+01   4.0851537e+01
   5.4563152e-02   3.8461538e-02   3.5459786e-01   8.1785244e+00   4.4188972e+01
   5.5063731e-02   4.7008547e-02   3.5500322e-01  -9.5015327e-02   4.6996341e+01
   5.5564311e-02   3.8461538e-02   3.4881456e-01  -7.5251868e+00   4.8321037e+01
   5.6064890e-02   1.7094017e-02   3.6846430e-01  -1.3027079e+01   4.6725698e+01
   5.6565469e-02   4.2735043e-03   3.7853093e-01  -1.5309902e+01   4.2573725e+01
   5.7066049e-02   8.5470085e-03   3.8064187e-01  -1.5292328e+01   3.7233417e+01
   5.7566628e-02   8.5470085e-03   3.9867466e-01  -1.4960957e+01   3.2280744e+01
   5.8067207e-02  -1.2820513e-02   3.9364403e-01  -1.5071125e+01   2.9477786e+01
   5.8567787e-02  -2.5641026e-02   3.7339400e-01  -1.4996236e+01   2.7910075e+01
   5.9068366e-02  -2.1367521e-02   3.8274116e-01  -1.4529927e+01   2.6139574e+01
   5.9568946e-02  -2.1367521e-02   3.8801913e-01  -1.5121147e+01   2.6477342e+01
   6.0069525e-02  -3.8461538e-02   3.7240224e-01  -1.6653808e+01   2.9498767e+01
   6.0570104e-02  -5.5555556e-02   3.7146316e-01  -1.7560015e+01   3.3671186e+01
   6.1070684e-02  -5.5555556e-02   3.6645143e-01  -1.7055777e+01   3.5669053e+01
   6.1571263e-02  -6.4102564e-02   3.5407601e-01  -1.4750364e+01   3.4748843e+01
   6.2071842e-02  -7.6923077e-02   3.3640107e-01  -1.1733025e+01   3.2003618e+01
   6.2572422e-02  -8.1196581e-02   3.3609556e-01  -8.0905255e+00   2.9680010e+01
   6.3073001e-02  -8.1196581e-02   3.4209395e-01  -4.7422496e+00   3.0513648e+01
   6.3573581e-02  -6.8376068e-02   3.2395587e-01  -3.6316971e+00   3.4714607e+01
   6.4074160e-02  -7.6923077e-02   3.0648803e-01  -4.9393988e+00   3.9589453e+01
   6.4574739e-02  -8.5470085e-02   3.1233148e-01  -6.8134025e+00   4.4272368e+01
   6.5075319e-02  -8.5470085e-02   3.2108923e-01  -7.8969586e+00   4.8915034e+01
   6.5575898e-02  -9.4017094e-02   3.3480936e-01  -7.8878609e+00   5.1638456e+01
   6.6076477e-02  -1.0256410e-01   3.6284543e-01  -6.4222939e+00   4.9900509e+01
   6.6577057e-02  -9.8290598e-02   3.6846430e-01  -4.8468520e+00   4.3223736e+01
   6.7077636e-02  -9.4017094e-02   3.6896581e-01  -3.2630329e+00   3.5498991e+01
   6.7578216e-02  -1.0256410e-01   3.7190538e-01  -1.9326935e+00   3.0524502e+01
   6.8078795e-02  -1.0256410e-01   3.9176055e-01  -1.0696657e+00   2.8880180e+01
   6.8579374e-02  -1.0683761e-01   4.0829861e-01  -1.8595362e-01   2.8920938e+01
   6.9079954e-02  -9.8290598e-02   4.1160635e-01  -1.0338349e+00   2.9600583e+01
   6.9580533e-02  -8.9743590e-02   4.1379682e-01  -5.0225831e+00   3.0376137e+01
   7.0081112e-02  -1.0256410e-01   3.9505074e-01  -1.0807243e+01   3.0423430e+01
   7.0581692e-02  -1.1111111e-01   3.8241894e-01  -1.6400818e+01   2.8580578e+01
   7.1082271e-02  -1.2820513e-01   3.8413431e-01  -1.8765491e+01   2.3947318e+01
   7.1582851e-02  -1.4957265e-01   3.7460257e-01  -1.6081802e+01   1.8474209e+01
   7.2083430e-02  -1.4957291e-01   3.6408918e-01  -8.9970289e+00   1.4858555e+01
   7.2584009e-02  -1.4957291e-01   3.6408933e-01   8.9460025e-01   1.3852017e+01
   7.3084589e-02  -1.4102590e-01   3.6740368e-01   9.8948075e+00   1.2037208e+01
   7.3585168e-02  -1.2806193e-01   3.6893276e-01   1.5817772e+01   1.2373411e+01
   7.4085747e-02  -1.1524116e-01   3.6944465e-01   1.8676467e+01   2.0457555e+01
   7.4586327e-02  -9.4016833e-02   3.6645126e-01   1.7471387e+01   3.0087817e+01
   7.5086906e-02  -9.8290337e-02   3.6846414e-01   1.3282451e+01   3.5474433e+01
   7.5587486e-02  -1.0256410e-01   3.7438312e-01   8.1109606e+00   3.4381229e+01
   7.6088065e-02  -8.1196842e-02   3.8145118e-01   1.6379978e+00   2.9939229e+01
   7.6588644e-02  -8.5470346e-02   3.8833721e-01  -6.1460801e+00   2.8737554e+01
   7.7089224e-02  -1.0452505e-01   3.8800540e-01  -1.4379973e+01   3.3526247e+01
   7.7589803e-02  -1.1307206e-01   4.0174579e-01  -2.1553285e+01   4.0184771e+01
   7.8090382e-02  -1.2820487e-01   4.2525653e-01  -2.6315585e+01   4.5613322e+01
   7.8590962e-02  -1.4529862e-01   4.4430064e-01  -2.8791551e+01   4.7038531e+01
   7.9091541e-02  -1.6275494e-01   4.5837477e-01  -2.8925565e+01   4.3031427e+01
   7.9592121e-02  -1.7815432e-01   4.6739012e-01  -2.6600513e+01   3.5690929e+01
   8.0092700e-02  -1.8877052e-01   4.7371019e-01  -2.2421437e+01   2.9205832e+01
   8.0593279e-02  -1.9980537e-01   4.7886981e-01  -1.6885714e+01   2.8568156e+01
   8.1093859e-02  -2.0425206e-01   4.8410445e-01  -1.0648410e+01   3.1954508e+01
   8.1594438e-02  -2.0532227e-01   4.9495575e-01  -4.2922852e+00   3.3814983e+01
   8.2095017e-02  -2.0423850e-01   4.9810678e-01   1.1817378e+00   3.1660134e+01
   8.2595597e-02  -1.9768844e-01   4.9045475e-01   4.8649514e+00   2.6089674e+01
   8.3096176e-02  -1.9336224e-01   4.8633966e-01   6.3469907e+00   1.9848897e+01
   8.3596756e-02  -1.8563999e-01   4.7450400e-01   5.6706223e+00   1.7496781e+01
   8.4097335e-02  -1.8370252e-01   4.6279487e-01   3.7093865e+00   1.9036956e+01
   8.4597914e-02  -1.8786491e-01   4.6231828e-01   1.3130432e+00   2.1288403e+01
   8.5098494e-02  -1.8997245e-01   4.7360998e-01  -6.6520934e-01   2.0736476e+01
   8.5599073e-02  -1.9007234e-01   4.8040697e-01  -1.9279597e+00   1.5428573e+01
   8.6099652e-02  -1.8602759e-01   4.8260905e-01  -3.3457183e+00   9.1347070e+00
   8.6600232e-02  -1.9133243e-01   4.8408509e-01  -5.3991142e+00   1.0694694e+01
   8.7100811e-02  -1.9917389e-01   4.7198091e-01  -7.0577159e+00   1.4832793e+01
   8.7601390e-02  -1.9880376e-01   4.6459710e-01  -7.8303237e+00   1.6480163e+01
   8.8101970e-02  -2.0529331e-01   4.7043377e-01  -7.0248418e+00   1.7374844e+01
   8.8602549e-02  -2.1697059e-01   4.8103093e-01  -4.4713633e+00   1.8402033e+01
   8.9103129e-02  -2.1304504e-01   4.8848873e-01  -6.6302350e-01   1.7681163e+01
   8.9603708e-02  -2.0752501e-01   4.8482065e-01   3.6097233e+00   1.5178018e+01
   9.0104287e-02  -2.0108137e-01   4.8425187e-01   6.2492445e+00   1.1836856e+01
   9.0604867e-02  -1.9877012e-01   4.9226986e-01   6.4777092e+00   1.1120760e+01
   9.1105446e-02  -1.9639444e-01   4.9128300e-01   4.3743915e+00   1.6001527e+01
   9.1606025e-02  -1.8487079e-01   4.8730032e-01   4.2737509e-01   2.3456172e+01
   9.2106605e-02  -1.9095162e-01   4.8713117e-01  -4.2650110e+00   2.7735826e+01
   9.2607184e-02  -2.0469731e-01   5.0278616e-01  -7.6909306e+00   2.5727207e+01
   9.3107764e-02  -2.1462569e-01   5.1112171e-01  -8.5146302e+00   1.7814341e+01
   9.3608343e-02  -2.1500025e-01   5.1304413e-01  -6.4695365e+00   1.2430220e+01
   9.4108922e-02  -2.1248346e-01   5.1364815e-01  -3.4169669e+00   2.1037156e+01
   9.4609502e-02  -2.1305182e-01   5.2051432e-01  -8.8630902e-01   3.0201635e+01
   9.5110081e-02  -2.1651048e-01   5.2626247e-01   6.7469345e-01   3.4867568e+01
   9.5610660e-02  -2.0879527e-01   5.1878229e-01   9.9482646e-01   3.4367129e+01
   9.6111240e-02  -2.0682858e-01   5.2526745e-01   2.4681602e-01   2.9383689e+01
   9.6611819e-02  -2.1074918e-01   5.3125810e-01  -1.2095966e+00   2.1096253e+01
   9.7112399e-02  -2.1487662e-01   5.3442207e-01  -2.1375285e+00   1.3241124e+01
   9.7612978e-02  -2.1641241e-01   5.3292733e-01  -2.5014196e+00   8.9980956e+00
   9.8113557e-02  -2.1453101e-01   5.3196537e-01  -2.9954254e+00   1.0548361e+01
   9.8614137e-02  -2.1771605e-01   5.4843784e-01  -3.9554521e+00   1.2289327e+01
   9.9114716e-02  -2.1513562e-01   5.4850283e-01  -5.6502034e+00   1.3029523e+01
   9.9615295e-02  -2.2046811e-01   5.4377623e-01  -7.7610382e+00   1.4952488e+01
   1.0011587e-01  -2.3361858e-01   5.5717718e-01  -8.5420116e+00   1.6654098e+01
   1.0061645e-01  -2.3588732e-01   5.6005265e-01  -7.5960195e+00   1.7467614e+01
   1.0111703e-01  -2.3754439e-01   5.6922852e-01  -5.2583551e+00   1.8331815e+01
   1.0161761e-01  -2.4414010e-01   5.7856378e-01  -1.9993391e+00   2.0105768e+01
   1.0211819e-01  -2.3542460e-01   5.9382519e-01   9.4621891e-01   2.1136347e+01
   1.0261877e-01  -2.3185821e-01   6.0668224e-01   2.4908568e+00   1.9602943e+01
   1.0311935e-01  -2.3525245e-01   5.9871016e-01   2.1850667e+00   1.5369381e+01
   1.0361993e-01  -2.3067976e-01   5.9609224e-01  -2.6994625e-01   1.0349408e+01
   1.0412051e-01  -2.2605596e-01   5.9851194e-01  -4.6780414e+00   7.1950882e+00
   1.0462109e-01  -2.3314073e-01   6.0062389e-01  -9.7033407e+00   9.3046033e+00
   1.0512167e-01  -2.4580970e-01   6.0492798e-01  -1.4050635e+01   1.2665556e+01
   1.0562225e-01  -2.6015818e-01   6.1637859e-01  -1.5734770e+01   1.3516044e+01
   1.0612283e-01  -2.7207464e-01   6.1228325e-01  -1.4022195e+01   1.2556010e+01
   1.0662341e-01  -2.7028506e-01   5.9811321e-01  -1.0334111e+01   1.2124332e+01
   1.0712399e-01  -2.7379328e-01   5.9976737e-01  -6.2621835e+00   1.2165509e+01
   1.0762457e-01  -2.7715908e-01   6.1021168e-01  -2.8619246e+00   1.3148912e+01
   1.0812514e-01  -2.7177155e-01   6.1789416e-01  -5.2899304e-01   1.5409063e+01
   1.0862572e-01  -2.7065518e-01   6.2453966e-01   4.6464967e-01   1.7353416e+01
   1.0912630e-01  -2.7281906e-01   6.3590633e-01   4.6553835e-01   1.8591274e+01
   1.0962688e-01  -2.7324240e-01   6.4961091e-01  -3.7249761e-01   1.7632513e+01
   1.1012746e-01  -2.6932363e-01   6.5784587e-01  -1.9844372e+00   1.4046629e+01
   1.1062804e-01  -2.7203369e-01   6.5568562e-01  -4.3025822e+00   1.0556841e+01
   1.1112862e-01  -2.7626937e-01   6.6223019e-01  -6.8529290e+00   1.0072942e+01
   1.1162920e-01  -2.8250174e-01   6.6089270e-01  -8.5386262e+00   1.1765996e+01
   1.1212978e-01  -2.9059907e-01   6.4884373e-01  -8.8134531e+00   1.2619321e+01
   1.1263036e-01  -2.9548658e-01   6.5024701e-01  -7.6858894e+00   1.1382665e+01
   1.1313094e-01  -2.9773080e-01   6.5344013e-01  -6.0291591e+00   8.9000088e+00
   1.1363152e-01  -2.9599964e-01   6.5400581e-01  -4.7876423e+00   6.8103339e+00
   1.1413210e-01  -2.9696760e-01   6.5378413e-01  -4.4632049e+00   6.4144304e+00
   1.1463268e-01  -2.9965523e-01   6.5882436e-01  -5.0047704e+00   7.7932137e+00
   1.1513326e-01  -3.0543114e-01   6.6408763e-01  -5.4009485e+00   9.1735615e+00
   1.1563384e-01  -3.0985358e-01   6.6727824e-01  -5.1089449e+00   9.4680935e+00
   1.1613441e-01  -3.0955675e-01   6.7154736e-01  -4.3815501e+00   8.7561577e+00
   1.1663499e-01  -3.1285108e-01   6.7550997e-01  -3.4036012e+00   7.9166489e+00
   1.1713557e-01  -3.1183226e-01   6.7794771e-01  -2.7774205e+00   7.7971849e+00
   1.1763615e-01  -3.1102211e-01   6.7816641e-01  -2.7455669e+00   8.6510447e+00
   1.1813673e-01  -3.1666552e-01   6.7916888e-01  -2.8730763e+00   1.0681336e+01
   1.1863731e-01  -3.1646181e-01   6.8756464e-01  -3.0389147e+00   1.3151874e+01
   1.1913789e-01  -3.1777146e-01   6.9849451e-01  -3.2270087e+00   1.4520990e+01
   1.1963847e-01  -3.2115239e-01   7.0072467e-01  -3.3406365e+00   1.4390610e+01
   1.2013905e-01  -3.2006601e-01   7.0588952e-01  -3.9095390e+00   1.2932987e+01
   1.2063963e-01  -3.2204757e-01   7.1671694e-01  -4.9784696e+00   1.0920541e+01
   1.2114021e-01  -3.2728798e-01   7.1855803e-01  -5.9975168e+00   9.4057617e+00
   1.2164079e-01  -3.2890855e-01   7.2058833e-01  -6.7223039e+00   8.4345144e+00
   1.2214137e-01  -3.3521473e-01   7.2431816e-01  -7.0159556e+00   7.8198835e+00
   1.2264195e-01  -3.4207023e-01   7.2289031e-01  -6.6335172e+00   7.3538575e+00
   1.2314253e-01  -3.4017084e-01   7.2568449e-01  -5.9226403e+00   7.8650843e+00
   1.2364311e-01  -3.3939199e-01   7.3079556e-01  -6.0239931e+00   8.9707820e+00
   1.2414368e-01  -3.4775354e-01   7.3532760e-01  -6.7567391e+00   9.5962281e+00
   1.2464426e-01  -3.5144773e-01   7.3888418e-01  -7.4352153e+00   9.7830665e+00
   1.2514484e-01  -3.4962529e-01   7.4208128e-01  -8.1137522e+00   9.7542768e+00
   1.2564542e-01  -3.6187092e-01   7.4634908e-01  -8.3401474e+00   9.9290377e+00
   1.2614600e-01  -3.6846924e-01   7.4887632e-01  -7.7797764e+00   1.0209741e+01
   1.2664658e-01  -3.6272072e-01   7.5234692e-01  -7.2090708e+00   1.1430647e+01
   1.2714716e-01  -3.6867556e-01   7.5933184e-01  -6.9642812e+00   1.3006094e+01
   1.2764774e-01  -3.7558479e-01   7.6417180e-01  -7.1314213e+00   1.3291355e+01
   1.2814832e-01  -3.7444286e-01   7.6629407e-01  -7.8169463e+00   1.2209333e+01
   1.2864890e-01  -3.8154328e-01   7.7087793e-01  -8.2423765e+00   1.0824153e+01
   1.2914948e-01  -3.8688986e-01   7.7455680e-01  -8.3652186e+00   9.3596766e+00
   1.2965006e-01  -3.8829314e-01   7.7525159e-01  -8.4473322e+00   8.1804035e+00
   1.3015064e-01  -3.9730052e-01   7.7781373e-01  -8.0257340e+00   7.9497091e+00
   1.3065122e-01  -3.9836838e-01   7.8082644e-01  -7.4309210e+00   8.5019536e+00
   1.3115180e-01  -3.9767013e-01   7.8524248e-01  -7.2377193e+00   9.2991011e+00
   1.3165238e-01  -4.0689922e-01   7.9128459e-01  -7.2291284e+00   9.2260986e+00
   1.3215295e-01  -4.0965910e-01   7.9262316e-01  -7.2930028e+00   8.4286221e+00
   1.3265353e-01  -4.0943478e-01   7.9634928e-01  -7.4205042e+00   7.8619142e+00
   1.3315411e-01  -4.1638053e-01   8.0085596e-01  -7.7266553e+00   8.0797414e+00
   1.3365469e-01  -4.2154478e-01   8.0270499e-01  -8.1062165e+00   9.1554670e+00
   1.3415527e-01  -4.2317839e-01   8.0785628e-01  -8.4438372e+00   1.0893115e+01
   1.3465585e-01  -4.2629014e-01   8.1340548e-01  -9.1060976e+00   1.2413989e+01
   1.3515643e-01  -4.3488749e-01   8.1744440e-01  -9.6809589e+00   1.2934946e+01
   1.3565701e-01  -4.3960180e-01   8.2304304e-01  -9.6670833e+00   1.2342251e+01
   1.3615759e-01  -4.4154788e-01   8.2798587e-01  -9.3854962e+00   1.1020851e+01
   1.3665817e-01  -4.5182735e-01   8.3138418e-01  -8.8994591e+00   9.8391261e+00
   1.3715875e-01  -4.5406244e-01   8.3742157e-01  -8.3502406e+00   9.1632184e+00
   1.3765933e-01  -4.5026522e-01   8.4317256e-01  -8.2638739e+00   8.9841708e+00
   1.3815991e-01  -4.5926295e-01   8.4585811e-01  -8.6567248e+00   9.3824312e+00
   1.3866049e-01  -4.6857055e-01   8.4819394e-01  -8.9974775e+00   9.9532280e+00
   1.3916107e-01  -4.6995531e-01   8.4790101e-01  -9.1377182e+00   9.3296268e+00
   1.3966165e-01  -4.7237090e-01   8.4760014e-01  -9.5392523e+00   8.4014276e+00
   1.4016222e-01  -4.7785702e-01   8.5188367e-01  -1.0940303e+01   9.7722928e+00
   1.4066280e-01  -4.8241692e-01   8.5855284e-01  -1.3304035e+01   1.2398681e+01
   1.4116338e-01  -4.9026463e-01   8.6752669e-01  -1.6000165e+01   1.4005127e+01
   1.4166396e-01  -5.0229351e-01   8.7420700e-01  -1.8384818e+01   1.4760244e+01
   1.4216454e-01  -5.1569543e-01   8.8291164e-01  -1.9442287e+01   1.4808068e+01
   1.4266512e-01  -5.2552704e-01   8.8812250e-01  -1.8871652e+01   1.4137222e+01
   1.4316570e-01  -5.3306593e-01   8.8505971e-01  -1.7086591e+01   1.2914212e+01
   1.4366628e-01  -5.4268444e-01   8.8798678e-01  -1.4892830e+01   1.1081958e+01
   1.4416686e-01  -5.4684996e-01   8.9158085e-01  -1.2973095e+01   8.8693865e+00
   1.4466744e-01  -5.5003944e-01   8.9311389e-01  -1.2033451e+01   7.8460156e+00
   1.4516802e-01  -5.5490764e-01   8.9532585e-01  -1.2392755e+01   8.9798170e+00
   1.4566860e-01  -5.6266954e-01   8.9832717e-01  -1.3775255e+01   1.0900532e+01
   1.4616918e-01  -5.7012105e-01   9.0422697e-01  -1.6068785e+01   1.2268426e+01
   1.4666976e-01  -5.7931988e-01   9.1011105e-01  -1.8685554e+01   1.3025521e+01
   1.4717034e-01  -5.9027126e-01   9.1396385e-01  -2.1141607e+01   1.3959911e+01
   1.4767092e-01  -6.0024529e-01   9.2121003e-01  -2.3139717e+01   1.5254161e+01
   1.4817149e-01  -6.1821127e-01   9.3110964e-01  -2.4099901e+01   1.5841862e+01
   1.4867207e-01  -6.3259888e-01   9.3777370e-01  -2.3758505e+01   1.4495124e+01
   1.4917265e-01  -6.3971339e-01   9.4180163e-01  -2.2588605e+01   1.2329039e+01
   1.4967323e-01  -6.4994877e-01   9.4501093e-01  -2.1733658e+01   1.1227723e+01
   1.5017381e-01  -6.6080364e-01   9.5041370e-01  -2.1873185e+01   1.0721723e+01
   1.5067439e-01  -6.7023514e-01   9.5396954e-01  -2.3211962e+01   1.0023705e+01
   1.5117497e-01  -6.7987634e-01   9.5878228e-01  -2.5587217e+01   1.0048010e+01
   1.5167555e-01  -6.9738430e-01   9.6008685e-01  -2.7944322e+01   1.1263884e+01
   1.5217613e-01  -7.1548723e-01   9.6060961e-01  -2.9554766e+01   1.2153773e+01
   1.5267671e-01  -7.3090486e-01   9.6877750e-01  -3.0105544e+01   1.2111986e+01
   1.5317729e-01  -7.4807192e-01   9.7563460e-01  -2.9681403e+01   1.1353025e+01
   1.5367787e-01  -7.5687193e-01   9.7810166e-01  -2.9167165e+01   1.0583495e+01
   1.5417845e-01  -7.6996528e-01   9.8085982e-01  -2.9362127e+01   1.0736095e+01
   1.5467903e-01  -7.9033146e-01   9.8736773e-01  -3.0041738e+01   1.1493555e+01
   1.5517961e-01  -8.0412384e-01   9.9358464e-01  -3.0919640e+01   1.2142559e+01
   1.5568019e-01  -8.1679568e-01   9.9854489e-01  -3.1957762e+01   1.2361144e+01
   1.5618076e-01  -8.3604079e-01   1.0041918e+00  -3.3021959e+01   1.2319494e+01
   1.5668134e-01  -8.5387297e-01   1.0095841e+00  -3.4357208e+01   1.1921163e+01
   1.5718192e-01  -8.7007285e-01   1.0150776e+00  -3.5923903e+01   1.1079905e+01
   1.5768250e-01  -8.8866353e-01   1.0171609e+00  -3.7658353e+01   1.0842663e+01
   1.5818308e-01  -9.0665299e-01   1.0210552e+00  -3.9711658e+01   1.1058302e+01
   1.5868366e-01  -9.3009518e-01   1.0278662e+00  -4.1407688e+01   1.0743564e+01
   1.5918424e-01  -9.5488250e-01   1.0289832e+00  -4.2352595e+01   1.0252546e+01
   1.5968482e-01  -9.7439080e-01   1.0340673e+00  -4.2730325e+01   1.0636447e+01
   1.6018540e-01  -9.9581570e-01   1.0455631e+00  -4.3141079e+01   1.1869204e+01
   1.6068598e-01  -1.0146067e+00   1.0487652e+00  -4.4401646e+01   1.2504354e+01
   1.6118656e-01  -1.0363571e+00   1.0486017e+00  -4.6583321e+01   1.2369309e+01
   1.6168714e-01  -1.0625910e+00   1.0552446e+00  -4.9033819e+01   1.1747821e+01
   1.6218772e-01  -1.0904591e+00   1.0647503e+00  -5.1277596e+01   1.1394124e+01
   1.6268830e-01  -1.1201701e+00   1.0695007e+00  -5.2646702e+01   1.1188325e+01
   1.6318888e-01  -1.1450005e+00   1.0730194e+00  -5.3082484e+01   1.1500985e+01
   1.6368946e-01  -1.1669875e+00   1.0766766e+00  -5.3552642e+01   1.2615701e+01
   1.6419003e-01  -1.1981603e+00   1.0834188e+00  -5.4374028e+01   1.3567693e+01
   1.6469061e-01  -1.2274089e+00   1.0934895e+00  -5.5687063e+01   1.3142835e+01
   1.6519119e-01  -1.2504656e+00   1.0993362e+00  -5.7521646e+01   1.1584995e+01
   1.6569177e-01  -1.2808966e+00   1.1012416e+00  -5.9805406e+01   1.0838254e+01
   1.6619235e-01  -1.3139617e+00   1.1061063e+00  -6.2137993e+01   1.0616529e+01
   1.6669293e-01  -1.3484054e+00   1.1103771e+00  -6.3855126e+01   1.1136993e+01
   1.6719351e-01  -1.3813816e+00   1.1129201e+00  -6.4789143e+01   1.2274345e+01
   1.6769409e-01  -1.4131238e+00   1.1263417e+00  -6.5650682e+01   1.3135452e+01
   1.6819467e-01  -1.4445558e+00   1.1340827e+00  -6.6608697e+01   1.3504996e+01
   1.6869525e-01  -1.4765667e+00   1.1338522e+00  -6.7542214e+01   1.3568945e+01
   1.6919583e-01  -1.5128544e+00   1.1406235e+00  -6.9020037e+01   1.3714921e+01
   1.6969641e-01  -1.5548670e+00   1.1509980e+00  -7.0326419e+01   1.4255458e+01
   1.7019699e-01  -1.5862761e+00   1.1569729e+00  -7.1026507e+01   1.4386496e+01
   1.7069757e-01  -1.6111828e+00   1.1620174e+00  -7.2584264e+01   1.3816900e+01
   1.7119815e-01  -1.6588549e+00   1.1690246e+00  -7.5151568e+01   1.3197574e+01
   1.7169873e-01  -1.7037234e+00   1.1751109e+00  -7.7545725e+01   1.2759413e+01
   1.7219930e-01  -1.7296469e+00   1.1755934e+00  -7.9535226e+01   1.2762202e+01
   1.7269988e-01  -1.7743700e+00   1.1816776e+00  -8.1394898e+01   1.3708544e+01
   1.7320046e-01  -1.8275668e+00   1.1933272e+00  -8.2990569e+01   1.4919942e+01
   1.7370104e-01  -1.8631641e+00   1.2021024e+00  -8.3927958e+01   1.5552851e+01
   1.7420162e-01  -1.8973232e+00   1.2086576e+00  -8.4459143e+01   1.5205821e+01
   1.7470220e-01  -1.9450305e+00   1.2139315e+00  -8.5636090e+01   1.4384908e+01
   1.7520278e-01  -1.9963554e+00   1.2202424e+00  -8.7005162e+01   1.4032373e+01
   1.7570336e-01  -2.0361704e+00   1.2289055e+00  -8.7478315e+01   1.4332169e+01
   1.7620394e-01  -2.0709075e+00   1.2317765e+00  -8.8236006e+01   1.4870950e+01
   1.7670452e-01  -2.1224780e+00   1.2368075e+00  -8.9828409e+01   1.5270485e+01
   1.7720510e-01  -2.1754873e+00   1.2507814e+00  -9.1400168e+01   1.5639300e+01
   1.7770568e-01  -2.2103913e+00   1.2614883e+00  -9.2959207e+01   1.5358548e+01
   1.7820626e-01  -2.2573592e+00   1.2633812e+00  -9.4547473e+01   1.4431741e+01
   1.7870684e-01  -2.3147753e+00   1.2668021e+00  -9.5739850e+01   1.3727863e+01
   1.7920742e-01  -2.3617731e+00   1.2796365e+00  -9.6119546e+01   1.3838855e+01
   1.7970800e-01  -2.4082099e+00   1.2846634e+00  -9.5891511e+01   1.4349328e+01
   1.8020857e-01  -2.4544579e+00   1.2871820e+00  -9.6011906e+01   1.4772695e+01
   1.8070915e-01  -2.5000167e+00   1.2944601e+00  -9.6882074e+01   1.5399148e+01
   1.8120973e-01  -2.5499781e+00   1.3082169e+00  -9.8078601e+01   1.5870112e+01
   1.8171031e-01  -2.6034885e+00   1.3128626e+00  -9.9400090e+01   1.5854939e+01
   1.8221089e-01  -2.6559414e+00   1.3154825e+00  -1.0057986e+02   1.5911617e+01
   1.8271147e-01  -2.7016701e+00   1.3289328e+00  -1.0162677e+02   1.6564253e+01
   1.8321205e-01  -2.7481541e+00   1.3366344e+00  -1.0334556e+02   1.7043353e+01
   1.8371263e-01  -2.8065386e+00   1.3411447e+00  -1.0539051e+02   1.7306645e+01
   1.8421321e-01  -2.8653429e+00   1.3516986e+00  -1.0669315e+02   1.7527919e+01
   1.8471379e-01  -2.9148604e+00   1.3649558e+00  -1.0717380e+02   1.7738443e+01
   1.8521437e-01  -2.9688687e+00   1.3671640e+00  -1.0710439e+02   1.7959796e+01
   1.8571495e-01  -3.0231600e+00   1.3763268e+00  -1.0737324e+02   1.8383036e+01
   1.8621553e-01  -3.0729354e+00   1.3892591e+00  -1.0825014e+02   1.8681706e+01
   1.8671611e-01  -3.1295722e+00   1.3959696e+00  -1.0958067e+02   1.8560435e+01
   1.8721669e-01  -3.1852487e+00   1.4038725e+00  -1.1100916e+02   1.8206588e+01
   1.8771727e-01  -3.2439273e+00   1.4136857e+00  -1.1197303e+02   1.8351807e+01
   1.8821784e-01  -3.3003676e+00   1.4215489e+00  -1.1247191e+02   1.9077661e+01
   1.8871842e-01  -3.3551354e+00   1.4314208e+00  -1.1307422e+02   1.9894845e+01
   1.8921900e-01  -3.4108902e+00   1.4398886e+00  -1.1402298e+02   2.0386481e+01
   1.8971958e-01  -3.4663879e+00   1.4502056e+00  -1.1553458e+02   1.9986568e+01
   1.9022016e-01  -3.5273244e+00   1.4596583e+00  -1.1741114e+02   1.9203230e+01
   1.9072074e-01  -3.5913347e+00   1.4703549e+00  -1.1862233e+02   1.8297126e+01
   1.9122132e-01  -3.6477711e+00   1.4787637e+00  -1.1957025e+02   1.7368821e+01
   1.9172190e-01  -3.7063726e+00   1.4802396e+00  -1.2045911e+02   1.7252656e+01
   1.9222248e-01  -3.7702845e+00   1.4872407e+00  -1.2132493e+02   1.8769365e+01
   1.9272306e-01  -3.8262621e+00   1.5020289e+00  -1.2266415e+02   2.0095192e+01
   1.9322364e-01  -3.8923807e+00   1.5155332e+00  -1.2393979e+02   2.0320118e+01
   1.9372422e-01  -3.9578359e+00   1.5228169e+00  -1.2473070e+02   1.9457464e+01
   1.9422480e-01  -4.0148381e+00   1.5344543e+00  -1.2561030e+02   1.8185397e+01
   1.9472538e-01  -4.0810403e+00   1.5372760e+00  -1.2663623e+02   1.7578022e+01
   1.9522596e-01  -4.1450618e+00   1.5424060e+00  -1.2824720e+02   1.8362232e+01
   1.9572654e-01  -4.2045322e+00   1.5554396e+00  -1.3067315e+02   2.0401437e+01
   1.9622711e-01  -4.2751186e+00   1.5680540e+00  -1.3342072e+02   2.2707121e+01
   1.9672769e-01  -4.3443849e+00   1.5788024e+00  -1.3597650e+02   2.4969026e+01
   1.9722827e-01  -4.4141217e+00   1.5912150e+00  -1.3774861e+02   2.6782930e+01
   1.9772885e-01  -4.4847198e+00   1.6084868e+00  -1.3877465e+02   2.8235583e+01
   1.9822943e-01  -4.5538291e+00   1.6207120e+00  -1.3907489e+02   2.9346254e+01
   1.9873001e-01  -4.6226867e+00   1.6360000e+00  -1.3899047e+02   2.9551883e+01
   1.9923059e-01  -4.6909842e+00   1.6505533e+00  -1.3945848e+02   2.9148449e+01
   1.9973117e-01  -4.7652724e+00   1.6635106e+00  -1.4058898e+02   2.7889546e+01
   2.0023175e-01  -4.8316272e+00   1.6820936e+00  -1.4248184e+02   2.6058984e+01
   2.0073233e-01  -4.8965663e+00   1.6916672e+00  -1.4529129e+02   2.4419227e+01
   2.0123291e-01  -4.9802815e+00   1.6982473e+00  -1.4779980e+02   2.3500513e+01
   2.0173349e-01  -5.0607451e+00   1.7050690e+00  -1.4924328e+02   2.3548000e+01
   2.0223407e-01  -5.1325313e+00   1.7179709e+00  -1.4954151e+02   2.4323507e+01
   2.0273465e-01  -5.2059892e+00   1.7370503e+00  -1.4989224e+02   2.4845165e+01
   2.0323523e-01  -5.2736501e+00   1.7516296e+00  -1.5169775e+02   2.4198982e+01
   2.0373581e-01  -5.3518223e+00   1.7602493e+00  -1.5503944e+02   2.2563265e+01
   2.0423638e-01  -5.4358607e+00   1.7672289e+00  -1.5874805e+02   2.0928631e+01
   2.0473696e-01  -5.5206774e+00   1.7758498e+00  -1.6124247e+02   2.0474065e+01
   2.0523754e-01  -5.6020664e+00   1.7873740e+00  -1.6206409e+02   2.0989153e+01
   2.0573812e-01  -5.6815634e+00   1.7996695e+00  -1.6203884e+02   2.1999615e+01
   2.0623870e-01  -5.7634136e+00   1.8076875e+00  -1.6186139e+02   2.3179049e+01
   2.0673928e-01  -5.8399330e+00   1.8208381e+00  -1.6245341e+02   2.4275760e+01
   2.0723986e-01  -5.9200335e+00   1.8356242e+00  -1.6415183e+02   2.5343918e+01
   2.0774044e-01  -6.0097703e+00   1.8482428e+00  -1.6623459e+02   2.5721769e+01
   2.0824102e-01  -6.0910285e+00   1.8583304e+00  -1.6831288e+02   2.5188701e+01
   2.0874160e-01  -6.1749607e+00   1.8695533e+00  -1.7013103e+02   2.4501720e+01
   2.0924218e-01  -6.2641179e+00   1.8842560e+00  -1.7152889e+02   2.4186642e+01
   2.0974276e-01  -6.3487679e+00   1.8927530e+00  -1.7254125e+02   2.4184067e+01
   2.1024334e-01  -6.4361343e+00   1.9022960e+00  -1.7342330e+02   2.4488388e+01
   2.1074392e-01  -6.5246274e+00   1.9173585e+00  -1.7437595e+02   2.4969143e+01
   2.1124450e-01  -6.6101439e+00   1.9330550e+00  -1.7561163e+02   2.5231667e+01
   2.1174508e-01  -6.6953109e+00   1.9394150e+00  -1.7761688e+02   2.5578327e+01
   2.1224565e-01  -6.7882518e+00   1.9502565e+00  -1.8048198e+02   2.6463925e+01
   2.1274623e-01  -6.8826200e+00   1.9688901e+00  -1.8351165e+02   2.7019558e+01
   2.1324681e-01  -6.9707569e+00   1.9807683e+00  -1.8682786e+02   2.6737083e+01
   2.1374739e-01  -7.0666029e+00   1.9923341e+00  -1.8998205e+02   2.5741938e+01
   2.1424797e-01  -7.1691086e+00   2.0083976e+00  -1.9254586e+02   2.4315002e+01
   2.1474855e-01  -7.2624981e+00   2.0108524e+00  -1.9425855e+02   2.2997750e+01
   2.1524913e-01  -7.3635332e+00   2.0186843e+00  -1.9467158e+02   2.2843544e+01
   2.1574971e-01  -7.4611874e+00   2.0374453e+00  -1.9477849e+02   2.4259729e+01
   2.1625029e-01  -7.5563062e+00   2.0465962e+00  -1.9496595e+02   2.6358239e+01
   2.1675087e-01  -7.6544549e+00   2.0577576e+00  -1.9577966e+02   2.8015742e+01
   2.1725145e-01  -7.7466650e+00   2.0755359e+00  -1.9787938e+02   2.8450056e+01
   2.1775203e-01  -7.8523471e+00   2.0869899e+00  -2.0030471e+02   2.8533570e+01
   2.1825261e-01  -7.9552132e+00   2.0968533e+00  -2.0292117e+02   2.8073361e+01
   2.1875319e-01  -8.0559489e+00   2.1163821e+00  -2.0502772e+02   2.7169536e+01
   2.1925377e-01  -8.1638147e+00   2.1306899e+00  -2.0645901e+02   2.5686652e+01
   2.1975435e-01  -8.2593499e+00   2.1404656e+00  -2.0824783e+02   2.4242786e+01
   2.2025492e-01  -8.3701125e+00   2.1465706e+00  -2.1025625e+02   2.3769238e+01
   2.2075550e-01  -8.4773424e+00   2.1602215e+00  -2.1239811e+02   2.3775366e+01
   2.2125608e-01  -8.5778057e+00   2.1713520e+00  -2.1482136e+02   2.4138937e+01
   2.2175666e-01  -8.6930756e+00   2.1818543e+00  -2.1686932e+02   2.4769808e+01
   2.2225724e-01  -8.8023457e+00   2.1974321e+00  -2.1856282e+02   2.5661755e+01
   2.2275782e-01  -8.9108908e+00   2.2091406e+00  -2.2012023e+02   2.6004236e+01
   2.2325840e-01  -9.0236889e+00   2.2232206e+00  -2.2120399e+02   2.5987590e+01
   2.2375898e-01  -9.1300863e+00   2.2356393e+00  -2.2250647e+02   2.5448606e+01
   2.2425956e-01  -9.2437833e+00   2.2510670e+00  -2.2377939e+02   2.4611647e+01
   2.2476014e-01  -9.3623016e+00   2.2588078e+00  -2.2448506e+02   2.4006595e+01
   2.2526072e-01  -9.4706504e+00   2.2694105e+00  -2.2516818e+02   2.3382105e+01
   2.2576130e-01  -9.5825628e+00   2.2772617e+00  -2.2620931e+02   2.3921093e+01
   2.2626188e-01  -9.6949776e+00   2.2882199e+00  -2.2817024e+02   2.5550282e+01
   2.2676246e-01  -9.8073459e+00   2.3083541e+00  -2.3092927e+02   2.6979075e+01
   2.2726304e-01  -9.9291356e+00   2.3190044e+00  -2.3323333e+02   2.7773721e+01
   2.2776362e-01  -1.0050150e+01   2.3369576e+00  -2.3439830e+02   2.7648611e+01
   2.2826419e-01  -1.0168747e+01   2.3513563e+00  -2.3434737e+02   2.7025053e+01
   2.2876477e-01  -1.0283859e+01   2.3564509e+00  -2.3394481e+02   2.6813208e+01
   2.2926535e-01  -1.0393781e+01   2.3709409e+00  -2.3458320e+02   2.7104773e+01
   2.2976593e-01  -1.0511840e+01   2.3842580e+00  -2.3628879e+02   2.7854559e+01
   2.3026651e-01  -1.0634579e+01   2.3979777e+00  -2.3847469e+02   2.7945063e+01
   2.3076709e-01  -1.0758387e+01   2.4169775e+00  -2.4029878e+02   2.6360381e+01
   2.3126767e-01  -1.0881613e+01   2.4296857e+00  -2.4092797e+02   2.3859727e+01
   2.3176825e-01  -1.0994921e+01   2.4364529e+00  -2.4117259e+02   2.2168812e+01
   2.3226883e-01  -1.1114219e+01   2.4360505e+00  -2.4199731e+02   2.2146346e+01
   2.3276941e-01  -1.1242534e+01   2.4432565e+00  -2.4302005e+02   2.3780123e+01
   2.3326999e-01  -1.1361692e+01   2.4597094e+00  -2.4386510e+02   2.6379906e+01
   2.3377057e-01  -1.1482421e+01   2.4775877e+00  -2.4477703e+02   2.8209718e+01
   2.3427115e-01  -1.1609814e+01   2.4897006e+00  -2.4590474e+02   2.8376301e+01
   2.3477173e-01  -1.1730134e+01   2.5046154e+00  -2.4741492e+02   2.7606698e+01
   2.3527231e-01  -1.1848786e+01   2.5206879e+00  -2.4929515e+02   2.7074784e+01
   2.3577289e-01  -1.1979764e+01   2.5290250e+00  -2.5144910e+02   2.6769396e+01
   2.3627346e-01  -1.2112515e+01   2.5379079e+00  -2.5321157e+02   2.6698741e+01
   2.3677404e-01  -1.2236994e+01   2.5526967e+00  -2.5419909e+02   2.7540694e+01
   2.3727462e-01  -1.2358366e+01   2.5704421e+00  -2.5489529e+02   2.8929129e+01
   2.3777520e-01  -1.2488944e+01   2.5843838e+00  -2.5555631e+02   2.9741123e+01
   2.3827578e-01  -1.2621275e+01   2.5983087e+00  -2.5594989e+02   2.9931320e+01
   2.3877636e-01  -1.2749664e+01   2.6160959e+00  -2.5573050e+02   2.9806063e+01
   2.3927694e-01  -1.2875681e+01   2.6308403e+00  -2.5536743e+02   2.9382436e+01
   2.3977752e-01  -1.2998964e+01   2.6419516e+00  -2.5595063e+02   2.8412441e+01
   2.4027810e-01  -1.3127336e+01   2.6553044e+00  -2.5813812e+02   2.7121002e+01
   2.4077868e-01  -1.3258802e+01   2.6691916e+00  -2.6118249e+02   2.6186652e+01
   2.4127926e-01  -1.3390321e+01   2.6828595e+00  -2.6435833e+02   2.5950759e+01
   2.4177984e-01  -1.3526244e+01   2.6936954e+00  -2.6673788e+02   2.6220677e+01
   2.4228042e-01  -1.3666700e+01   2.7026228e+00  -2.6769033e+02   2.7189509e+01
   2.4278100e-01  -1.3797053e+01   2.7194677e+00  -2.6772928e+02   2.8127237e+01
   2.4328158e-01  -1.3927429e+01   2.7399755e+00  -2.6730218e+02   2.8160029e+01
   2.4378216e-01  -1.4061458e+01   2.7508002e+00  -2.6724678e+02   2.7557243e+01
   2.4428273e-01  -1.4195817e+01   2.7606187e+00  -2.6774575e+02   2.6669527e+01
   2.4478331e-01  -1.4334057e+01   2.7727040e+00  -2.6803600e+02   2.5937690e+01
   2.4528389e-01  -1.4463663e+01   2.7844273e+00  -2.6833776e+02   2.5758296e+01
   2.4578447e-01  -1.4596266e+01   2.7997061e+00  -2.6920992e+02   2.5886952e+01
   2.4628505e-01  -1.4736089e+01   2.8108228e+00  -2.6996230e+02   2.6340795e+01
   2.4678563e-01  -1.4868136e+01   2.8169892e+00  -2.7057805e+02   2.6941095e+01
   2.4728621e-01  -1.5003950e+01   2.8325139e+00  -2.7130048e+02   2.7192161e+01
   2.4778679e-01  -1.5146730e+01   2.8505087e+00  -2.7180655e+02   2.7645624e+01
   2.4828737e-01  -1.5275337e+01   2.8597365e+00  -2.7255204e+02   2.8338561e+01
   2.4878795e-01  -1.5407072e+01   2.8737712e+00  -2.7375301e+02   2.9019466e+01
   2.4928853e-01  -1.5553287e+01   2.8889131e+00  -2.7465819e+02   2.9272557e+01
   2.4978911e-01  -1.5693706e+01   2.9051428e+00  -2.7482735e+02   2.9192946e+01
   2.5028969e-01  -1.5829227e+01   2.9171170e+00  -2.7389821e+02   2.9515973e+01
   2.5079027e-01  -1.5964462e+01   2.9282195e+00  -2.7265072e+02   3.0319610e+01
   2.5129085e-01  -1.6094832e+01   2.9441802e+00  -2.7278412e+02   3.0359013e+01
   2.5179143e-01  -1.6233380e+01   2.9549022e+00  -2.7416900e+02   2.9415335e+01
   2.5229200e-01  -1.6372514e+01   2.9657556e+00  -2.7625613e+02   2.9035983e+01
   2.5279258e-01  -1.6509303e+01   2.9849823e+00  -2.7807771e+02   2.9019312e+01
   2.5329316e-01  -1.6656371e+01   3.0003228e+00  -2.7833242e+02   2.8710458e+01
   2.5379374e-01  -1.6796176e+01   3.0101772e+00  -2.7726177e+02   2.8908504e+01
   2.5429432e-01  -1.6932347e+01   3.0277626e+00  -2.7556564e+02   3.0463419e+01
   2.5479490e-01  -1.7066419e+01   3.0385066e+00  -2.7455127e+02   3.3327556e+01
   2.5529548e-01  -1.7195877e+01   3.0486658e+00  -2.7595847e+02   3.7440353e+01
   2.5579606e-01  -1.7339105e+01   3.0720530e+00  -2.7958292e+02   4.3093659e+01
   2.5629664e-01  -1.7483228e+01   3.0954838e+00  -2.8421783e+02   4.9168142e+01
   2.5679722e-01  -1.7624311e+01   3.1224619e+00  -2.8883722e+02   5.3179418e+01
   2.5729780e-01  -1.7776548e+01   3.1491481e+00  -2.9162625e+02   5.3784211e+01
   2.5779838e-01  -1.7926382e+01   3.1714678e+00  -2.9152600e+02   5.0921773e+01
   2.5829896e-01  -1.8071741e+01   3.1935049e+00  -2.8878513e+02   4.5985045e+01
   2.5879954e-01  -1.8219475e+01   3.2111992e+00  -2.8411225e+02   3.9529230e+01
   2.5930012e-01  -1.8353818e+01   3.2267536e+00  -2.7949751e+02   3.2396291e+01
   2.5980070e-01  -1.8481219e+01   3.2338467e+00  -2.7681707e+02   2.5907964e+01
   2.6030127e-01  -1.8620430e+01   3.2399610e+00  -2.7618309e+02   2.1376763e+01
   2.6080185e-01  -1.8762816e+01   3.2493826e+00  -2.7661254e+02   1.8896440e+01
   2.6130243e-01  -1.8904780e+01   3.2592512e+00  -2.7686197e+02   1.8085574e+01
   2.6180301e-01  -1.9045064e+01   3.2610778e+00  -2.7699588e+02   2.0604763e+01
   2.6230359e-01  -1.9176566e+01   3.2579388e+00  -2.7826728e+02   2.7641576e+01
   2.6280417e-01  -1.9309100e+01   3.2598216e+00  -2.8183514e+02   3.8001168e+01
   2.6330475e-01  -1.9452785e+01   3.2691742e+00  -2.8753218e+02   4.8700848e+01
   2.6380533e-01  -1.9608700e+01   3.3004072e+00  -2.9286424e+02   5.4228446e+01
   2.6430591e-01  -1.9762348e+01   3.3340189e+00  -2.9532376e+02   5.1218398e+01
   2.6480649e-01  -1.9910224e+01   3.3453130e+00  -2.9427728e+02   4.3792602e+01
   2.6530707e-01  -2.0060029e+01   3.3589700e+00  -2.9057651e+02   3.8489331e+01
   2.6580765e-01  -2.0198390e+01   3.3721559e+00  -2.8565217e+02   3.4926249e+01
   2.6630823e-01  -2.0331983e+01   3.3663140e+00  -2.8114598e+02   3.0719466e+01
   2.6680881e-01  -2.0474308e+01   3.3841778e+00  -2.7813878e+02   2.5685841e+01
   2.6730939e-01  -2.0616829e+01   3.4172370e+00  -2.7666589e+02   2.2816792e+01
   2.6780997e-01  -2.0748364e+01   3.4061026e+00  -2.7553194e+02   2.7665559e+01
   2.6831054e-01  -2.0879512e+01   3.3883859e+00  -2.7416434e+02   3.7559068e+01
   2.6881112e-01  -2.1024380e+01   3.4227049e+00  -2.7317467e+02   4.7707563e+01
   2.6931170e-01  -2.1173195e+01   3.4331784e+00  -2.7147386e+02   5.2788933e+01
   2.6981228e-01  -2.1295893e+01   3.4145360e+00  -2.6909091e+02   4.9295382e+01
   2.7031286e-01  -2.1410273e+01   3.4104106e+00  -2.6781150e+02   4.0366355e+01
   2.7081344e-01  -2.1560574e+01   3.4342955e+00  -2.6795190e+02   3.2110962e+01
   2.7131402e-01  -2.1707660e+01   3.4532237e+00  -2.6827777e+02   2.7469522e+01
   2.7181460e-01  -2.1829806e+01   3.4525394e+00  -2.6830945e+02   2.3626026e+01
   2.7231518e-01  -2.1953711e+01   3.4614281e+00  -2.6953112e+02   1.9261185e+01
   2.7281576e-01  -2.2091500e+01   3.4595057e+00  -2.7347372e+02   1.5995100e+01
   2.7331634e-01  -2.2237729e+01   3.4682071e+00  -2.7924550e+02   1.6201052e+01
   2.7381692e-01  -2.2379648e+01   3.4808653e+00  -2.8560906e+02   1.9612624e+01
   2.7431750e-01  -2.2520521e+01   3.4829481e+00  -2.9191897e+02   2.4946179e+01
   2.7481808e-01  -2.2672376e+01   3.4768351e+00  -2.9718863e+02   2.9344571e+01
   2.7531866e-01  -2.2826662e+01   3.4809987e+00  -3.0052186e+02   3.1103890e+01
   2.7581924e-01  -2.2985258e+01   3.4787780e+00  -3.0124239e+02   3.1605662e+01
   2.7631981e-01  -2.3137255e+01   3.4750735e+00  -2.9902885e+02   3.2583561e+01
   2.7682039e-01  -2.3276416e+01   3.4828688e+00  -2.9487663e+02   3.4541810e+01
   2.7732097e-01  -2.3421202e+01   3.4895531e+00  -2.9066236e+02   3.6508507e+01
   2.7782155e-01  -2.3573370e+01   3.4971422e+00  -2.8681853e+02   3.9100235e+01
   2.7832213e-01  -2.3711768e+01   3.5114606e+00  -2.8299503e+02   4.1771301e+01
   2.7882271e-01  -2.3839710e+01   3.5416140e+00  -2.7913329e+02   4.2577244e+01
   2.7932329e-01  -2.3984742e+01   3.5543163e+00  -2.7518351e+02   3.9289051e+01
   2.7982387e-01  -2.4132279e+01   3.5525426e+00  -2.7027763e+02   3.2356846e+01
   2.8032445e-01  -2.4259978e+01   3.5600353e+00  -2.6538030e+02   2.6814030e+01
   2.8082503e-01  -2.4377542e+01   3.5747081e+00  -2.6317604e+02   2.6625574e+01
   2.8132561e-01  -2.4504325e+01   3.5806159e+00  -2.6553172e+02   2.9322625e+01
   2.8182619e-01  -2.4634937e+01   3.5801693e+00  -2.7196105e+02   3.1720384e+01
   2.8232677e-01  -2.4781833e+01   3.5971305e+00  -2.7956250e+02   3.3548821e+01
   2.8282735e-01  -2.4939096e+01   3.6110563e+00  -2.8505416e+02   3.5686567e+01
   2.8332793e-01  -2.5083725e+01   3.6263922e+00  -2.8629240e+02   3.7387274e+01
   2.8382851e-01  -2.5219953e+01   3.6409372e+00  -2.8481743e+02   3.8824463e+01
   2.8432908e-01  -2.5360873e+01   3.6611192e+00  -2.8302079e+02   3.8611374e+01
   2.8482966e-01  -2.5505353e+01   3.7004744e+00  -2.8235750e+02   3.3818645e+01
   2.8533024e-01  -2.5635312e+01   3.7068969e+00  -2.8314096e+02   2.8866295e+01
   2.8583082e-01  -2.5778736e+01   3.6950277e+00  -2.8457504e+02   3.2863085e+01
   2.8633140e-01  -2.5933257e+01   3.6835871e+00  -2.8565594e+02   4.3667377e+01
   2.8683198e-01  -2.6078794e+01   3.6388731e+00  -2.8354279e+02   5.1516443e+01
   2.8733256e-01  -2.6215126e+01   3.6100881e+00  -2.7768425e+02   5.1072166e+01
   2.8783314e-01  -2.6348112e+01   3.5978002e+00  -2.6999388e+02   4.5912436e+01
   2.8833372e-01  -2.6493471e+01   3.6030491e+00  -2.6156345e+02   4.2086565e+01
   2.8883430e-01  -2.6609012e+01   3.6243297e+00  -2.5320475e+02   4.3595771e+01
   2.8933488e-01  -2.6713414e+01   3.6219421e+00  -2.4646008e+02   5.1299189e+01
   2.8983546e-01  -2.6846719e+01   3.5749110e+00  -2.4040783e+02   6.1763674e+01
   2.9033604e-01  -2.6978856e+01   3.5202509e+00  -2.3260978e+02   6.9755389e+01
   2.9083662e-01  -2.7086385e+01   3.5000589e+00  -2.2259887e+02   7.2895264e+01
   2.9133720e-01  -2.7188004e+01   3.4896905e+00  -2.1215601e+02   7.4521550e+01
   2.9183778e-01  -2.7280556e+01   3.4766944e+00  -2.0462884e+02   7.7330422e+01
   2.9233835e-01  -2.7369754e+01   3.4628685e+00  -2.0140915e+02   8.1118254e+01
   2.9283893e-01  -2.7475823e+01   3.4502208e+00  -2.0087931e+02   8.3401650e+01
   2.9333951e-01  -2.7585762e+01   3.4192871e+00  -1.9980959e+02   8.2707891e+01
   2.9384009e-01  -2.7688580e+01   3.3964521e+00  -1.9644327e+02   7.8991275e+01
   2.9434067e-01  -2.7783547e+01   3.3764726e+00  -1.9092382e+02   7.4287804e+01
   2.9484125e-01  -2.7871361e+01   3.3421028e+00  -1.8495954e+02   7.0931329e+01
   2.9534183e-01  -2.7950495e+01   3.3195104e+00  -1.8079726e+02   7.0470378e+01
   2.9584241e-01  -2.8043043e+01   3.2966151e+00  -1.7907936e+02   7.2895599e+01
   2.9634299e-01  -2.8141111e+01   3.2574692e+00  -1.7931041e+02   7.5844989e+01
   2.9684357e-01  -2.8224422e+01   3.2270633e+00  -1.8078814e+02   7.8683548e+01
   2.9734415e-01  -2.8308631e+01   3.2100827e+00  -1.8387411e+02   8.2225526e+01
   2.9784473e-01  -2.8403702e+01   3.1787273e+00  -1.8601634e+02   8.5246595e+01
   2.9834531e-01  -2.8507103e+01   3.1369772e+00  -1.8460239e+02   8.6876783e+01
   2.9884589e-01  -2.8606418e+01   3.0836522e+00  -1.7837281e+02   8.6544927e+01
   2.9934647e-01  -2.8707394e+01   3.0252465e+00  -1.6728761e+02   8.3110786e+01
   2.9984705e-01  -2.8763676e+01   3.0124341e+00  -1.5595369e+02   7.8302974e+01
   3.0034762e-01  -2.8809678e+01   3.0018130e+00  -1.4837246e+02   7.4119306e+01
   3.0084820e-01  -2.8894077e+01   2.9642638e+00  -1.4575877e+02   7.3256746e+01
   3.0134878e-01  -2.8976357e+01   2.9177818e+00  -1.4578882e+02   7.3578617e+01
   3.0184936e-01  -2.9058324e+01   2.8669852e+00  -1.4420006e+02   7.1177654e+01
   3.0234994e-01  -2.9119640e+01   2.8657183e+00  -1.4018511e+02   6.6990687e+01
   3.0285052e-01  -2.9179012e+01   2.8426557e+00  -1.3556851e+02   6.1327779e+01
   3.0335110e-01  -2.9256419e+01   2.8043567e+00  -1.3066920e+02   5.4445723e+01
   3.0385168e-01  -2.9317791e+01   2.7977937e+00  -1.2573437e+02   4.6301140e+01
   3.0435226e-01  -2.9372983e+01   2.7811505e+00  -1.2163333e+02   3.7707624e+01
   3.0485284e-01  -2.9433423e+01   2.7792321e+00  -1.1925499e+02   3.1316141e+01
   3.0535342e-01  -2.9486450e+01   2.7754907e+00  -1.1950937e+02   3.0882313e+01
   3.0585400e-01  -2.9544071e+01   2.7567362e+00  -1.2184946e+02   3.5399868e+01
   3.0635458e-01  -2.9609610e+01   2.7403288e+00  -1.2531653e+02   4.1115560e+01
   3.0685516e-01  -2.9679249e+01   2.7277765e+00  -1.2910404e+02   4.6196712e+01
   3.0735574e-01  -2.9747566e+01   2.7105246e+00  -1.3174975e+02   4.9783533e+01
   3.0785632e-01  -2.9807651e+01   2.6973987e+00  -1.3330269e+02   5.1201246e+01
   3.0835689e-01  -2.9873530e+01   2.6888444e+00  -1.3488602e+02   5.0300957e+01
   3.0885747e-01  -2.9952202e+01   2.6683575e+00  -1.3562914e+02   4.6359372e+01
   3.0935805e-01  -3.0018440e+01   2.6576709e+00  -1.3520836e+02   3.9005168e+01
   3.0985863e-01  -3.0077635e+01   2.6633850e+00  -1.3440446e+02   3.0278967e+01
   3.1035921e-01  -3.0152487e+01   2.6608641e+00  -1.3364108e+02   2.3315229e+01
   3.1085979e-01  -3.0217077e+01   2.6682189e+00  -1.3320460e+02   1.9594077e+01
   3.1136037e-01  -3.0276585e+01   2.6857016e+00  -1.3303873e+02   1.8009884e+01
   3.1186095e-01  -3.0348050e+01   2.6858789e+00  -1.3319767e+02   1.6869867e+01
   3.1236153e-01  -3.0418737e+01   2.6773174e+00  -1.3361369e+02   1.6115915e+01
   3.1286211e-01  -3.0483320e+01   2.6791125e+00  -1.3438631e+02   1.5464244e+01
   3.1336269e-01  -3.0544508e+01   2.6896167e+00  -1.3592997e+02   1.4759166e+01
   3.1386327e-01  -3.0613471e+01   2.6912574e+00  -1.3830149e+02   1.4753055e+01
   3.1436385e-01  -3.0688199e+01   2.6898201e+00  -1.4023820e+02   1.5768669e+01
   3.1486443e-01  -3.0764455e+01   2.6871792e+00  -1.4057928e+02   1.8859957e+01
   3.1536501e-01  -3.0836799e+01   2.6744853e+00  -1.3946564e+02   2.3872526e+01
   3.1586559e-01  -3.0900989e+01   2.6672199e+00  -1.3826622e+02   2.8219833e+01
   3.1636616e-01  -3.0961125e+01   2.6563483e+00  -1.3872452e+02   2.9762215e+01
   3.1686674e-01  -3.1030039e+01   2.6428433e+00  -1.4139880e+02   2.7979731e+01
   3.1736732e-01  -3.1108734e+01   2.6394882e+00  -1.4502906e+02   2.4416955e+01
   3.1786790e-01  -3.1187573e+01   2.6358677e+00  -1.4781037e+02   2.2168606e+01
   3.1836848e-01  -3.1262065e+01   2.6476193e+00  -1.4907056e+02   2.1817063e+01
   3.1886906e-01  -3.1335490e+01   2.6615168e+00  -1.4929006e+02   2.0774073e+01
   3.1936964e-01  -3.1407932e+01   2.6639967e+00  -1.4953533e+02   1.7834299e+01
   3.1987022e-01  -3.1481605e+01   2.6642570e+00  -1.5057162e+02   1.4478644e+01
   3.2037080e-01  -3.1559686e+01   2.6621195e+00  -1.5234205e+02   1.1844745e+01
   3.2087138e-01  -3.1636752e+01   2.6618546e+00  -1.5407266e+02   1.1668814e+01
   3.2137196e-01  -3.1713675e+01   2.6618546e+00  -1.5520777e+02   1.4952552e+01
   3.2187254e-01  -3.1794872e+01   2.6780529e+00  -1.5514192e+02   1.8636753e+01
   3.2237312e-01  -3.1876068e+01   2.6943521e+00  -1.5369020e+02   1.9874664e+01
   3.2287370e-01  -3.1948718e+01   2.6972482e+00  -1.5174032e+02   1.8558473e+01
   3.2337428e-01  -3.2021025e+01   2.7008259e+00  -1.5036916e+02   1.6575329e+01
   3.2387486e-01  -3.2093674e+01   2.7086245e+00  -1.5042118e+02   1.5254540e+01
   3.2437543e-01  -3.2166667e+01   2.7158313e+00  -1.5191982e+02   1.4562829e+01
   3.2487601e-01  -3.2247863e+01   2.7242006e+00  -1.5379590e+02   1.3501916e+01
   3.2537659e-01  -3.2329060e+01   2.7326044e+00  -1.5543090e+02   1.2184808e+01
   3.2587717e-01  -3.2405983e+01   2.7326044e+00  -1.5686324e+02   1.1534958e+01
   3.2637775e-01  -3.2482906e+01   2.7326044e+00  -1.5863196e+02   1.2932441e+01
   3.2687833e-01  -3.2558212e+01   2.7341845e+00  -1.6132948e+02   1.6584354e+01
   3.2737891e-01  -3.2642377e+01   2.7513019e+00  -1.6458762e+02   2.0033604e+01
   3.2787949e-01  -3.2732444e+01   2.7689457e+00  -1.6711169e+02   2.1011568e+01
   3.2838007e-01  -3.2819220e+01   2.7731472e+00  -1.6792553e+02   1.9411789e+01
   3.2888065e-01  -3.2901709e+01   2.7753079e+00  -1.6731184e+02   1.6411121e+01
   3.2938123e-01  -3.2982906e+01   2.7836903e+00  -1.6644936e+02   1.3903514e+01
   3.2988181e-01  -3.3064103e+01   2.7921064e+00  -1.6632110e+02   1.3401466e+01
   3.3038239e-01  -3.3145299e+01   2.7957979e+00  -1.6719040e+02   1.4323297e+01
   3.3088297e-01  -3.3230769e+01   2.7973995e+00  -1.6892867e+02   1.5230740e+01
   3.3138355e-01  -3.3320002e+01   2.8047765e+00  -1.7085531e+02   1.5275214e+01
   3.3188413e-01  -3.3405472e+01   2.8153063e+00  -1.7236129e+02   1.4584816e+01
   3.3238470e-01  -3.3488562e+01   2.8219568e+00  -1.7359744e+02   1.4240752e+01
   3.3288528e-01  -3.3578306e+01   2.8286074e+00  -1.7493576e+02   1.4284096e+01
   3.3338586e-01  -3.3669483e+01   2.8351192e+00  -1.7634661e+02   1.4511791e+01
   3.3388644e-01  -3.3754953e+01   2.8392658e+00  -1.7773821e+02   1.5203495e+01
   3.3438702e-01  -3.3841880e+01   2.8377895e+00  -1.7973106e+02   1.6471669e+01
   3.3488760e-01  -3.3935897e+01   2.8499844e+00  -1.8204996e+02   1.7725545e+01
   3.3538818e-01  -3.4029915e+01   2.8649830e+00  -1.8386989e+02   1.8921906e+01
   3.3588876e-01  -3.4119316e+01   2.8756248e+00  -1.8521237e+02   1.9446002e+01
   3.3638934e-01  -3.4217607e+01   2.8847106e+00  -1.8619543e+02   1.9154553e+01
   3.3688992e-01  -3.4311966e+01   2.8861819e+00  -1.8674002e+02   1.8370866e+01
   3.3739050e-01  -3.4396579e+01   2.8959693e+00  -1.8779996e+02   1.8019178e+01
   3.3789108e-01  -3.4492815e+01   2.9073801e+00  -1.8994656e+02   1.9256678e+01
   3.3839166e-01  -3.4596236e+01   2.9167865e+00  -1.9231166e+02   2.0528197e+01
   3.3889224e-01  -3.4688034e+01   2.9246228e+00  -1.9499274e+02   2.1207942e+01
   3.3939282e-01  -3.4785657e+01   2.9359419e+00  -1.9741463e+02   2.1455955e+01
   3.3989340e-01  -3.4892319e+01   2.9580349e+00  -1.9938427e+02   2.0911370e+01
   3.4039397e-01  -3.4987004e+01   2.9593805e+00  -2.0114212e+02   1.9591924e+01
   3.4089455e-01  -3.5092245e+01   2.9599368e+00  -2.0214314e+02   1.8350611e+01
   3.4139513e-01  -3.5194809e+01   2.9727279e+00  -2.0267584e+02   1.7696555e+01
   3.4189571e-01  -3.5292172e+01   2.9834942e+00  -2.0330129e+02   1.7597831e+01
   3.4239629e-01  -3.5237347e+01   3.1600651e+00  -2.0220325e+02   1.7706098e+01
   3.4289687e-01  -3.5336538e+01   3.1680696e+00  -2.0296602e+02   1.6596099e+01
   3.4339745e-01  -3.5436457e+01   3.1679460e+00  -2.0455049e+02   1.5942687e+01
   3.4389803e-01  -3.5542226e+01   3.1753716e+00  -2.0671549e+02   1.5683280e+01
   3.4439861e-01  -3.5644231e+01   3.1892114e+00  -2.0980121e+02   1.6005730e+01
   3.4489919e-01  -3.5750000e+01   3.1958474e+00  -2.1307620e+02   1.5892649e+01
   3.4539977e-01  -3.5860577e+01   3.1989496e+00  -2.1624662e+02   1.5637351e+01
   3.4590035e-01  -3.5971154e+01   3.2032943e+00  -2.1841185e+02   1.6051121e+01
   3.4640093e-01  -3.6085403e+01   3.2218232e+00  -2.1938331e+02   1.6225907e+01
   3.4690151e-01  -3.6191172e+01   3.2228195e+00  -2.1985601e+02   1.6037844e+01
   3.4740209e-01  -3.6302885e+01   3.2261504e+00  -2.1973191e+02   1.5807879e+01
   3.4790267e-01  -3.6408654e+01   3.2386049e+00  -2.2027631e+02   1.5494607e+01
   3.4840324e-01  -3.6153846e+01   3.3135756e+00  -2.2076636e+02   1.6756798e+01
   3.4890382e-01  -3.6274725e+01   3.3250461e+00  -2.2394176e+02   1.7757757e+01
   3.4940440e-01  -3.6373626e+01   3.3406759e+00  -2.2817384e+02   1.8433736e+01
   3.4990498e-01  -3.6489011e+01   3.3406759e+00  -2.3321495e+02   1.9113667e+01
   3.5040556e-01  -3.6620314e+01   3.3530106e+00  -2.3825300e+02   1.9445903e+01
   3.5090614e-01  -3.6746298e+01   3.3673507e+00  -2.4180807e+02   1.9659666e+01
   3.5140672e-01  -3.6862248e+01   3.3675883e+00  -2.4406085e+02   2.0280620e+01
   3.5190730e-01  -3.6978022e+01   3.3751220e+00  -2.4634540e+02   2.1601517e+01
   3.5240788e-01  -3.7109598e+01   3.3884109e+00  -2.4950237e+02   2.2736100e+01
   3.5290846e-01  -3.7235971e+01   3.4021362e+00  -2.5292313e+02   2.3575912e+01
   3.5340904e-01  -3.7362637e+01   3.4094266e+00  -2.5612166e+02   2.4514803e+01
   3.5390962e-01  -3.7493621e+01   3.4233663e+00  -2.5892534e+02   2.5311727e+01
   3.5441020e-01  -3.7625346e+01   3.4401215e+00  -2.6054037e+02   2.5987530e+01
   3.5491078e-01  -3.7756902e+01   3.4467818e+00  -2.6125308e+02   2.6246501e+01
   3.5541136e-01  -3.7888913e+01   3.4595572e+00  -2.6174565e+02   2.5657364e+01
   3.5591194e-01  -3.8021978e+01   3.4712014e+00  -2.6249124e+02   2.4711967e+01
   3.5641251e-01  -3.8142857e+01   3.4826786e+00  -2.6489760e+02   2.3729172e+01
   3.5691309e-01  -3.8274725e+01   3.4921318e+00  -2.6915560e+02   2.3777845e+01
   3.5741367e-01  -3.8422422e+01   3.4968381e+00  -2.7404979e+02   2.6104208e+01
   3.5791425e-01  -3.8559784e+01   3.5126609e+00  -2.7824682e+02   2.9713548e+01
   3.5841483e-01  -3.8702670e+01   3.5236471e+00  -2.8023804e+02   3.1707503e+01
   3.5891541e-01  -3.8845527e+01   3.5306628e+00  -2.8007209e+02   3.0115875e+01
   3.5941599e-01  -3.8983516e+01   3.5461078e+00  -2.7874844e+02   2.5138697e+01
   3.5991657e-01  -3.9125852e+01   3.5557700e+00  -2.7725198e+02   1.9400854e+01
   3.6041715e-01  -3.9257239e+01   3.5548361e+00  -2.7759962e+02   1.6206491e+01
   3.6091773e-01  -3.9389629e+01   3.5566671e+00  -2.8120368e+02   1.5837850e+01
   3.6141831e-01  -3.9532967e+01   3.5690172e+00  -2.8806256e+02   1.6671869e+01
   3.6191889e-01  -3.9681319e+01   3.5773858e+00  -2.9682758e+02   1.8620680e+01
   3.6241947e-01  -3.9840659e+01   3.5888572e+00  -3.0498152e+02   2.1240098e+01
   3.6292005e-01  -4.0000000e+01   3.6003506e+00  -3.1096986e+02   2.4512879e+01
   3.6342063e-01  -4.0158713e+01   3.6037996e+00  -3.1436618e+02   2.8424014e+01
   3.6392121e-01  -4.0317876e+01   3.6263395e+00  -3.1640614e+02   3.1945884e+01
   3.6442178e-01  -4.0204921e+01   3.9210820e+00  -3.2019388e+02   3.6711875e+01
   3.6492236e-01  -4.0365385e+01   3.9382625e+00  -3.2430644e+02   3.6336562e+01
   3.6542294e-01  -4.0525641e+01   3.9516057e+00  -3.3043146e+02   3.4063892e+01
   3.6592352e-01  -4.0698718e+01   3.9601130e+00  -3.3715869e+02   3.1168283e+01
   3.6642410e-01  -4.0871795e+01   3.9687139e+00  -3.4347664e+02   2.9588952e+01
   3.6692468e-01  -4.1051282e+01   3.9819613e+00  -3.4795310e+02   2.9552975e+01
   3.6742526e-01  -4.1230769e+01   3.9952635e+00  -3.5129056e+02   3.0896625e+01
   3.6792584e-01  -4.1397436e+01   4.0118660e+00  -3.5393512e+02   3.1609837e+01
   3.6842642e-01  -4.1576923e+01   4.0415007e+00  -3.5672637e+02   2.9897702e+01
   3.6892700e-01  -4.1756410e+01   4.0533912e+00  -3.6015217e+02   2.6742616e+01
   3.6942758e-01  -4.1948718e+01   4.0533912e+00  -3.6294040e+02   2.3325759e+01
   3.6992816e-01  -4.2128205e+01   4.0545589e+00  -3.6490181e+02   2.2605753e+01
   3.7042874e-01  -4.2301282e+01   4.0667083e+00  -3.6664467e+02   2.5550477e+01
   3.7092932e-01  -4.2493590e+01   4.0952720e+00  -3.6836287e+02   2.9179844e+01
   3.7142990e-01  -4.2679487e+01   4.0983953e+00  -3.7058861e+02   3.1293518e+01
   3.7193048e-01  -4.2865385e+01   4.1015764e+00  -3.7332299e+02   3.2032704e+01
   3.7243105e-01  -4.3051282e+01   4.1225076e+00  -3.7730291e+02   3.2027354e+01
   3.7293163e-01  -4.1800000e+01   2.4269505e+00  -3.7565299e+02   2.8269095e+01
   3.7343221e-01  -4.2000000e+01   2.4322172e+00  -3.8438820e+02   2.9651106e+01
   3.7393279e-01  -4.2200000e+01   2.4539245e+00  -3.9350749e+02   3.1058917e+01
   3.7443337e-01  -4.2400000e+01   2.4593740e+00  -4.0191924e+02   3.3081483e+01
   3.7493395e-01  -4.2607692e+01   2.4774725e+00  -4.0978077e+02   3.5635380e+01
   3.7543453e-01  -4.2815385e+01   2.5027204e+00  -4.1685882e+02   3.8941694e+01
   3.7593511e-01  -4.3023077e+01   2.5027500e+00  -4.2408089e+02   4.1569795e+01
   3.7643569e-01  -4.3238462e+01   2.5337077e+00  -4.3143212e+02   4.1760848e+01
   3.7693627e-01  -4.3469231e+01   2.5591234e+00  -4.3763063e+02   4.0539476e+01
   3.7743685e-01  -4.3684615e+01   2.5733902e+00  -4.4197464e+02   4.0857083e+01
   3.7793743e-01  -4.3907692e+01   2.5931749e+00  -4.4424593e+02   4.3882658e+01
   3.7843801e-01  -4.4269231e+01   2.9838487e+00  -4.5640672e+02   4.7456927e+01
   3.7893859e-01  -4.4490385e+01   2.9910081e+00  -4.5673948e+02   5.2196134e+01
   3.7943917e-01  -4.4711538e+01   2.9986026e+00  -4.5836323e+02   5.4171150e+01
   3.7993975e-01  -4.4942308e+01   3.0099277e+00  -4.6277666e+02   5.5170417e+01
   3.8044032e-01  -4.5173077e+01   3.0506086e+00  -4.6964933e+02   5.5825961e+01
   3.8094090e-01  -4.5413462e+01   3.0862639e+00  -4.7824258e+02   5.5513814e+01
   3.8144148e-01  -4.5663462e+01   3.1066473e+00  -4.8823570e+02   5.4409146e+01
   3.8194206e-01  -4.5913462e+01   3.1270555e+00  -4.9857966e+02   5.3709734e+01
   3.8244264e-01  -4.6153846e+01   3.1337697e+00  -5.0990495e+02   5.6035341e+01
   3.8294322e-01  -4.6413462e+01   3.1610885e+00  -5.2215193e+02   5.9182348e+01
   3.8344380e-01  -4.6701923e+01   3.2038523e+00  -5.3289998e+02   5.8667386e+01
   3.8394438e-01  -4.6971154e+01   3.2262445e+00  -5.3960488e+02   5.1676612e+01
   3.8444496e-01  -4.7240385e+01   3.2487860e+00  -5.4113165e+02   4.2846961e+01
   3.8494554e-01  -4.7519231e+01   3.2621341e+00  -5.3831897e+02   4.3300797e+01
   3.8544612e-01  -4.7788462e+01   3.2684765e+00  -5.3240359e+02   5.6220933e+01
   3.8594670e-01  -4.8047840e+01   3.2789293e+00  -5.2517180e+02   7.3702037e+01
   3.8644728e-01  -4.8298726e+01   3.3153419e+00  -5.1947102e+02   9.1798313e+01
   3.8694786e-01  -4.8555315e+01   3.3648317e+00  -5.1576966e+02   1.1056198e+02
   3.8744844e-01  -4.8811915e+01   3.4034496e+00  -5.1470245e+02   1.3043527e+02
   3.8794902e-01  -4.9068539e+01   3.4473448e+00  -5.1552252e+02   1.5135012e+02
   3.8844959e-01  -4.9337048e+01   3.5060784e+00  -5.1623624e+02   1.7058440e+02
   3.8895017e-01  -4.9580131e+01   3.5601304e+00  -5.1690395e+02   1.8523092e+02
   3.8945075e-01  -4.9842222e+01   3.6266306e+00  -5.1820976e+02   1.9442397e+02
   3.8995133e-01  -5.0117679e+01   3.7024898e+00  -5.1886843e+02   1.9864074e+02
   3.9045191e-01  -5.0364700e+01   3.7597112e+00  -5.1797799e+02   1.9972933e+02
   3.9095249e-01  -5.0615570e+01   3.8147180e+00  -5.1572114e+02   1.9908331e+02
   3.9145307e-01  -5.0891494e+01   3.8777600e+00  -5.0868181e+02   1.9672636e+02
   3.9195365e-01  -5.1150222e+01   3.9548622e+00  -4.9415460e+02   1.8893144e+02
   3.9245423e-01  -5.1383432e+01   4.0318343e+00  -4.7061389e+02   1.7400837e+02
   3.9295481e-01  -5.1623399e+01   4.0928408e+00  -4.3905445e+02   1.5165721e+02
   3.9345539e-01  -5.1819527e+01   4.1185660e+00  -4.0397637e+02   1.2400650e+02
   3.9395597e-01  -5.1986809e+01   4.1300256e+00  -3.7031693e+02   9.7404600e+01
   3.9445655e-01  -5.2149152e+01   4.1639019e+00  -3.4325824e+02   7.6223571e+01
   3.9495713e-01  -5.2301086e+01   4.2058632e+00  -3.2531918e+02   6.1863508e+01
   3.9545771e-01  -5.2456940e+01   4.2376073e+00  -3.1472664e+02   5.2329829e+01
   3.9595829e-01  -5.2606691e+01   4.2460363e+00  -3.0904633e+02   4.4981737e+01
   3.9645886e-01  -5.2763306e+01   4.2512081e+00  -3.0566441e+02   3.9112225e+01
   3.9695944e-01  -5.2922801e+01   4.2676721e+00  -3.0290221e+02   3.5183218e+01
   3.9746002e-01  -5.3062910e+01   4.2798520e+00  -3.0014554e+02   3.4005374e+01
   3.9796060e-01  -5.3209254e+01   4.2920071e+00  -2.9820717e+02   3.5839033e+01
   3.9846118e-01  -5.3623244e+01   5.2403845e+00  -3.1092861e+02   3.0246144e+01
   3.9896176e-01  -5.3786245e+01   5.2602379e+00  -3.1119230e+02   2.7231835e+01
   3.9946234e-01  -5.3941214e+01   5.2671211e+00  -3.1188912e+02   2.3132430e+01
   3.9996292e-01  -5.4099592e+01   5.2709253e+00  -3.1252564e+02   2.0371937e+01
   4.0046350e-01  -5.4240345e+01   5.2712373e+00  -3.1564038e+02   2.1419956e+01
   4.0096408e-01  -5.4400261e+01   5.2763886e+00  -3.2030232e+02   2.5336328e+01
   4.0146466e-01  -5.4581668e+01   5.3124277e+00  -3.2597436e+02   2.9915078e+01
   4.0196524e-01  -5.4736466e+01   5.3365378e+00  -3.3105038e+02   3.2858449e+01
   4.0246582e-01  -5.4910759e+01   5.3412594e+00  -3.3388486e+02   3.2801722e+01
   4.0296640e-01  -5.5070616e+01   5.3470040e+00  -3.3446959e+02   3.3271452e+01
   4.0346698e-01  -5.5246483e+01   5.3752996e+00  -3.3263758e+02   3.4520108e+01
   4.0396756e-01  -5.5426270e+01   5.4072264e+00  -3.2886520e+02   3.3575387e+01
   4.0446813e-01  -5.5574483e+01   5.3968502e+00  -3.2447253e+02   3.0125756e+01
   4.0496871e-01  -5.5720950e+01   5.4139968e+00  -3.2205920e+02   2.7337930e+01
   4.0546929e-01  -5.5878684e+01   5.4374561e+00  -3.2322063e+02   2.7464771e+01
   4.0596987e-01  -5.6058426e+01   5.4483802e+00  -3.2526765e+02   2.8063505e+01
   4.0647045e-01  -5.6225824e+01   5.4519862e+00  -3.2506373e+02   2.7819295e+01
   4.0697103e-01  -5.6377590e+01   5.4629833e+00  -3.2371144e+02   2.7081196e+01
   4.0747161e-01  -5.6548784e+01   5.4880916e+00  -3.2158174e+02   2.5183290e+01
   4.0797219e-01  -5.6699660e+01   5.4757465e+00  -3.2064141e+02   2.4057453e+01
   4.0847277e-01  -5.6842111e+01   5.4727071e+00  -3.2233107e+02   2.3680580e+01
   4.0897335e-01  -5.7026788e+01   5.4842175e+00  -3.2568967e+02   2.3583682e+01
   4.0947393e-01  -5.7191740e+01   5.5001086e+00  -3.2889704e+02   2.3289310e+01
   4.0997451e-01  -5.7093651e+01   7.7529103e+00  -3.1916044e+02   1.0830946e+01
   4.1047509e-01  -5.7257928e+01   7.7192767e+00  -3.2166072e+02   1.5196466e+01
   4.1097567e-01  -5.7420891e+01   7.7489763e+00  -3.2365486e+02   2.4059631e+01
   4.1147625e-01  -5.7574498e+01   7.7878985e+00  -3.2489642e+02   3.3060379e+01
   4.1197683e-01  -5.7748030e+01   7.8007066e+00  -3.2553746e+02   3.7272812e+01
   4.1247740e-01  -5.7918830e+01   7.8139861e+00  -3.2353216e+02   3.6753660e+01
   4.1297798e-01  -5.8073414e+01   7.8499403e+00  -3.2081899e+02   3.1579544e+01
   4.1347856e-01  -5.8219635e+01   7.8699393e+00  -3.1917924e+02   2.4558031e+01
   4.1397914e-01  -5.8391749e+01   7.8477558e+00  -3.1949703e+02   1.9000105e+01
   4.1447972e-01  -5.8536415e+01   7.8547309e+00  -3.2369530e+02   1.4694042e+01
   4.1498030e-01  -5.8703646e+01   7.8617823e+00  -3.3108801e+02   1.2663303e+01
   4.1548088e-01  -5.8882742e+01   7.8856190e+00  -3.4069674e+02   1.2115569e+01
   4.1598146e-01  -5.9042581e+01   7.9133300e+00  -3.4906870e+02   9.7033790e+00
   4.1648204e-01  -5.9231565e+01   7.8621309e+00  -3.5378565e+02   9.6340235e+00
   4.1698262e-01  -5.9427915e+01   7.8501262e+00  -3.5375606e+02   1.6380272e+01
   4.1748320e-01  -5.9616699e+01   7.9170649e+00  -3.4924222e+02   2.8520586e+01
   4.1798378e-01  -5.9759888e+01   7.9284786e+00  -3.4159677e+02   3.8333929e+01
   4.1848436e-01  -5.9906407e+01   7.9293783e+00  -3.3239976e+02   3.8604771e+01
   4.1898494e-01  -6.0097788e+01   7.9705215e+00  -3.2117818e+02   2.7681455e+01
   4.1948552e-01  -6.0285788e+01   8.0346250e+00  -3.0544099e+02   5.9606990e+00
   4.1998610e-01  -6.0418253e+01   8.0108414e+00  -2.8832315e+02   2.0298673e+01
   4.2048667e-01  -6.0504690e+01   7.9070986e+00  -2.7851114e+02   3.7473063e+01
   4.2098725e-01  -6.6175781e+01   0.0000000e+00  -2.5884032e+02   0.0000000e+00
   4.2148783e-01  -6.6343872e+01   0.0000000e+00  -2.9163617e+02   0.0000000e+00
   4.2198841e-01  -6.6554312e+01   0.0000000e+00  -3.3157422e+02   0.0000000e+00
   4.2248899e-01  -6.6754672e+01   0.0000000e+00  -3.6429114e+02   0.0000000e+00
   4.2298957e-01  -6.6938631e+01   0.0000000e+00  -3.8510945e+02   0.0000000e+00
   4.2349015e-01  -6.7147729e+01   0.0000000e+00  -3.9642782e+02   0.0000000e+00
   4.2399073e-01  -6.7337102e+01   0.0000000e+00  -4.0341671e+02   0.0000000e+00
   4.2449131e-01  -6.7549053e+01   0.0000000e+00  -4.0845816e+02   0.0000000e+00
   4.2499189e-01  -6.7763503e+01   0.0000000e+00  -4.1175619e+02   0.0000000e+00
   4.2549247e-01  -6.7960961e+01   0.0000000e+00  -4.1296837e+02   0.0000000e+00
   4.2599305e-01  -6.8176894e+01   0.0000000e+00  -4.1251796e+02   0.0000000e+00
   4.2649363e-01  -6.8385216e+01   0.0000000e+00  -4.1000982e+02   0.0000000e+00
   4.2699421e-01  -6.8582092e+01   0.0000000e+00  -4.0858731e+02   0.0000000e+00
   4.2749479e-01  -6.8777771e+01   0.0000000e+00  -4.0877279e+02   0.0000000e+00
   4.2799537e-01  -6.8989516e+01   0.0000000e+00  -4.1171109e+02   0.0000000e+00
   4.2849594e-01  -6.9186678e+01   0.0000000e+00  -4.1853304e+02   0.0000000e+00
   4.2899652e-01  -6.9410992e+01   0.0000000e+00  -4.2623251e+02   0.0000000e+00
   4.2949710e-01  -6.9623606e+01   0.0000000e+00  -4.3071667e+02   0.0000000e+00
   4.2999768e-01  -6.9837031e+01   0.0000000e+00  -4.3049758e+02   0.0000000e+00
   4.3049826e-01  -7.0085876e+01   0.0000000e+00  -4.2371408e+02   0.0000000e+00
   4.3099884e-01  -7.0302241e+01   0.0000000e+00  -4.1044652e+02   0.0000000e+00
   4.3149942e-01  -7.0455491e+01   0.0000000e+00  -3.9463319e+02   0.0000000e+00
   4.3200000e-01  -7.0638662e+01   0.0000000e+00  -3.7999905e+02   0.0000000e+00
