   0.0000000e+00   1.4269925e-02  -5.0768711e-02   1.7763781e+00  -4.3857178e+00
   5.0051020e-04   2.2953240e-02  -6.5642016e-02   1.6460334e+00  -4.2482334e+00
   1.0010204e-03   4.0484288e-02  -7.5720788e-02   1.5589497e+00  -4.1092878e+00
   1.5015306e-03   4.4605935e-02  -7.1940605e-02   1.4422953e+00  -4.1075816e+00
   2.0020408e-03   8.6433943e-02  -1.4433171e-01   1.3885009e+00  -3.9903703e+00
   2.5025510e-03   7.7437172e-02  -1.2934727e-01   1.5101174e+00  -3.5981630e+00
   3.0030612e-03   4.1099371e-02  -7.0809405e-02   1.6193883e+00  -3.1384077e+00
   3.5035714e-03   1.6268353e-02  -2.5201740e-02   1.7130792e+00  -2.8400433e+00
   4.0040816e-03  -1.2626944e-03  -2.1127581e-02   1.7467562e+00  -2.7308252e+00
   4.5045918e-03   1.6071408e-02  -2.5425455e-02   1.8587399e+00  -2.3911536e+00
   5.0051020e-03   4.0519773e-02  -5.7317883e-02   1.9129778e+00  -2.1948224e+00
   5.5056122e-03   4.7663607e-02  -6.3897355e-02   1.9951030e+00  -2.0278545e+00
   6.0061224e-03   1.0257100e-02  -7.9423141e-03   2.2090862e+00  -1.7465750e+00
   6.5066327e-03  -5.6658604e-03  -2.8494978e-02   2.3693856e+00  -1.6210429e+00
   7.0071429e-03   2.7310867e-02  -4.0946425e-02   2.4769406e+00  -1.5666191e+00
   7.5076531e-03   2.2274875e-02  -4.0316596e-02   2.6120157e+00  -1.4904540e+00
   8.0081633e-03   3.7349139e-02  -4.6776828e-02   2.7831262e+00  -1.5130004e+00
   8.5086735e-03   5.5704634e-02  -7.3160029e-02   2.9679944e+00  -1.5935020e+00
   9.0091837e-03   4.2092375e-02  -5.6575384e-02   3.1811636e+00  -1.7250836e+00
   9.5096939e-03   3.6602168e-02  -5.6116257e-02   3.2657089e+00  -1.6681169e+00
   1.0010204e-02   5.3722766e-02  -1.1214098e-01   3.2547932e+00  -1.6524676e+00
   1.0510714e-02   6.5693227e-02  -1.1336721e-01   3.3391321e+00  -1.7657273e+00
   1.1011224e-02   2.2124061e-02  -5.5647055e-02   3.4865338e+00  -1.8146496e+00
   1.1511735e-02   3.5026609e-02  -5.6149935e-02   3.3822714e+00  -1.6878800e+00
   1.2012245e-02   9.6080100e-02  -1.3112530e-01   3.1497662e+00  -1.5874521e+00
   1.2512755e-02   8.6016396e-02  -1.1347288e-01   3.1467375e+00  -1.5947273e+00
   1.3013265e-02   7.9260538e-02  -9.6843824e-02   3.0337424e+00  -1.4060366e+00
   1.3513776e-02   6.4802539e-02  -6.1176973e-02   2.7083945e+00  -1.1784579e+00
   1.4014286e-02   5.8272014e-02  -4.0912133e-02   2.5422477e+00  -1.1398165e+00
   1.4514796e-02   7.6743429e-02  -6.2478239e-02   2.4663448e+00  -1.1465794e+00
   1.5015306e-02   8.6869824e-02  -9.9770356e-02   2.0489964e+00  -1.0589990e+00
   1.5515816e-02   8.8227738e-02  -8.8202779e-02   1.9613980e+00  -9.9704156e-01
   1.6016327e-02   7.3963727e-02  -3.7266329e-02   1.9968535e+00  -1.0489953e+00
   1.6516837e-02   7.2799801e-02  -4.4346839e-02   1.7772588e+00  -1.0380677e+00
   1.7017347e-02   5.7276053e-02  -4.1443596e-02   1.5665733e+00  -9.7011615e-01
   1.7517857e-02   4.7402197e-02  -4.6659491e-02   1.3034144e+00  -9.3479566e-01
   1.8018367e-02   6.4457738e-02  -5.9390327e-02   1.0810672e+00  -9.2542715e-01
   1.8518878e-02   6.6770805e-02  -5.2786598e-02   8.5640215e-01  -8.4292144e-01
   1.9019388e-02   5.8022433e-02  -3.9932245e-02   8.8528747e-01  -1.1301737e+00
   1.9519898e-02   5.8565362e-02  -6.0710512e-02   7.3075388e-01  -1.0963932e+00
   2.0020408e-02   6.9294419e-02  -7.2481296e-02   3.3817335e-01  -7.4183201e-01
   2.0520918e-02   8.4395298e-02  -8.5173650e-02   3.5067475e-01  -9.4136101e-01
   2.1021429e-02   1.0667964e-01  -1.2852151e-01   2.4728972e-01  -1.0509194e+00
   2.1521939e-02   1.0039278e-01  -9.4518384e-02   7.6109388e-02  -9.1883669e-01
   2.2022449e-02   7.9296615e-02  -7.6737537e-02   1.8766481e-01  -1.1542035e+00
   2.2522959e-02   8.9318919e-02  -1.1188118e-01   2.1414649e-01  -1.3439065e+00
   2.3023469e-02   1.1671436e-01  -1.3884021e-01   9.9322949e-02  -1.1107810e+00
   2.3523980e-02   8.7379633e-02  -1.0869676e-01   6.8923669e-02  -1.1244017e+00
   2.4024490e-02   4.1230667e-02  -6.6566708e-02   2.7090351e-01  -1.5343729e+00
   2.4525000e-02   6.2391296e-02  -7.8396781e-02   3.8779874e-01  -1.7101840e+00
   2.5025510e-02   5.2095753e-02  -4.1424317e-02   3.3319153e-01  -1.5285407e+00
   2.5526020e-02   1.7270820e-02  -3.1962129e-02   5.5247282e-01  -1.6994832e+00
   2.6026531e-02   3.5141937e-02  -4.6431214e-02   6.8836884e-01  -1.7620799e+00
   2.6527041e-02   6.3645710e-02  -6.5889297e-02   8.6349905e-01  -1.9234665e+00
   2.7027551e-02   3.6767767e-02  -4.2346569e-02   1.1476850e+00  -2.2705738e+00
   2.7528061e-02   5.6090244e-02  -3.8521194e-02   1.2317498e+00  -2.2318376e+00
   2.8028571e-02   8.7139514e-02  -1.2146174e-01   1.3641429e+00  -2.2083891e+00
   2.8529082e-02   6.8837247e-02  -1.0904090e-01   1.5518638e+00  -2.3776309e+00
   2.9029592e-02   6.4830928e-02  -8.4834417e-02   1.6762922e+00  -2.6385568e+00
   2.9530102e-02   7.3122128e-02  -9.7866184e-02   1.8371647e+00  -2.7762450e+00
   3.0030612e-02   8.8637005e-02  -1.1291015e-01   1.8428073e+00  -2.5330322e+00
   3.0531122e-02   8.3991945e-02  -1.0721110e-01   1.8329823e+00  -2.4202598e+00
   3.1031633e-02   1.0636559e-01  -1.5119652e-01   1.8154653e+00  -2.3258825e+00
   3.1532143e-02   9.8438115e-02  -1.1701366e-01   1.6641328e+00  -2.0825833e+00
   3.2032653e-02   6.6831130e-02  -6.1686629e-02   1.6763985e+00  -2.1700981e+00
   3.2533163e-02   9.9347137e-02  -1.2038623e-01   1.5514123e+00  -1.9034304e+00
   3.3033673e-02   1.0695169e-01  -1.3000621e-01   1.3111466e+00  -1.5235763e+00
   3.3534184e-02   9.1449826e-02  -8.2591241e-02   1.0579086e+00  -1.2670114e+00
   3.4034694e-02   1.1386369e-01  -1.1486068e-01   8.3325661e-01  -1.0868689e+00
   3.4535204e-02   1.1266664e-01  -1.3811927e-01   7.9409203e-01  -1.2503732e+00
   3.5035714e-02   8.7312210e-02  -8.8785378e-02   6.6914347e-01  -1.1828058e+00
   3.5536224e-02   7.3547363e-02  -5.9683854e-02   3.9082889e-01  -9.8673248e-01
   3.6036735e-02   7.2953572e-02  -6.5453903e-02   7.7638927e-02  -1.0091228e+00
   3.6537245e-02   8.9267465e-02  -9.6908777e-02   6.6714769e-02  -1.0404004e+00
   3.7037755e-02   8.5352816e-02  -8.6326117e-02   1.8150702e-01  -1.0606364e+00
   3.7538265e-02   8.6292592e-02  -8.1627520e-02  -7.3942740e-02  -9.9252788e-01
   3.8038776e-02   7.0434097e-02  -5.7967620e-02  -1.0691295e-01  -1.0697453e+00
   3.8539286e-02   6.2890459e-02  -4.9716094e-02  -5.6881896e-02  -1.0988109e+00
   3.9039796e-02   8.9405267e-02  -9.1658015e-02  -1.8029983e-01  -1.0537252e+00
   3.9540306e-02   8.3550742e-02  -8.4980498e-02  -2.0799184e-01  -9.8791368e-01
   4.0040816e-02   8.4944141e-02  -9.0576810e-02  -1.4925388e-01  -9.6198716e-01
   4.0541327e-02   9.6388233e-02  -1.1227215e-01  -2.0000545e-01  -8.8417692e-01
   4.1041837e-02   8.7522758e-02  -1.3985066e-01  -3.2068430e-01  -8.7117422e-01
   4.1542347e-02   1.0560856e-01  -1.7945595e-01  -2.8336666e-01  -8.8497766e-01
   4.2042857e-02   8.3275137e-02  -1.1373470e-01  -1.6364271e-01  -8.6598459e-01
   4.2543367e-02   7.5476595e-02  -1.0455423e-01   1.5140849e-02  -8.9464505e-01
   4.3043878e-02   9.2774620e-02  -1.2657259e-01   1.2946771e-01  -9.3997646e-01
   4.3544388e-02   7.1505170e-02  -8.8556570e-02   1.5006136e-01  -1.2476525e+00
   4.4044898e-02   9.0868455e-02  -1.3173491e-01   2.2239352e-01  -1.5099628e+00
   4.4545408e-02   8.7965736e-02  -1.1085244e-01   5.2054810e-01  -1.5327637e+00
   4.5045918e-02   7.0468400e-02  -6.3534226e-02   8.0570727e-01  -1.6519690e+00
   4.5546429e-02   5.8803706e-02  -5.4789891e-02   8.7092793e-01  -1.9056962e+00
   4.6046939e-02   6.1696370e-02  -5.8181247e-02   1.0364069e+00  -2.1032663e+00
   4.6547449e-02   8.7087469e-02  -1.2907757e-01   1.2842298e+00  -2.2783348e+00
   4.7047959e-02   8.0990459e-02  -1.1137984e-01   1.3112434e+00  -2.5871404e+00
   4.7548469e-02   6.4135411e-02  -5.8572196e-02   1.3143316e+00  -2.8175875e+00
   4.8048980e-02   5.1422711e-02  -6.0353046e-02   1.5465017e+00  -2.7529897e+00
   4.8549490e-02   6.9185597e-02  -7.7319735e-02   1.7313360e+00  -2.8244501e+00
   4.9050000e-02   1.0367637e-01  -1.1306855e-01   1.7578161e+00  -2.9614117e+00
   4.9550510e-02   9.2352934e-02  -8.6197864e-02   1.7897018e+00  -2.9436495e+00
   5.0051020e-02   1.0526968e-01  -1.0431337e-01   1.8868485e+00  -2.8695455e+00
   5.0551531e-02   1.1513052e-01  -1.1524446e-01   1.9117095e+00  -2.7959295e+00
   5.1052041e-02   1.1554215e-01  -1.3645938e-01   1.8267812e+00  -2.6977823e+00
   5.1552551e-02   1.3390829e-01  -1.6147036e-01   1.7372524e+00  -2.5805510e+00
   5.2053061e-02   1.2258899e-01  -1.3238284e-01   1.5799586e+00  -2.5665312e+00
   5.2553571e-02   1.1563501e-01  -1.3080432e-01   1.4886248e+00  -2.4415864e+00
   5.3054082e-02   9.2861560e-02  -8.3515782e-02   1.4431515e+00  -2.1836041e+00
   5.3554592e-02   7.1062783e-02  -4.8983747e-02   1.2397918e+00  -2.0704804e+00
   5.4055102e-02   8.1132992e-02  -5.8670840e-02   9.9604519e-01  -1.9253762e+00
   5.4555612e-02   1.0706702e-01  -8.6228177e-02   7.9007031e-01  -1.7502129e+00
   5.5056122e-02   1.1246970e-01  -9.9728833e-02   8.7970606e-01  -1.3403821e+00
   5.5556633e-02   7.8113171e-02  -5.2410312e-02   8.3277462e-01  -1.0810202e+00
   5.6057143e-02   7.8708737e-02  -5.5977811e-02   4.9745454e-01  -9.7710900e-01
   5.6557653e-02   1.0701793e-01  -1.1196145e-01   4.5225961e-01  -7.7082731e-01
   5.7058163e-02   1.1283520e-01  -1.1690445e-01   2.6384656e-01  -7.3182302e-01
   5.7558673e-02   1.1217871e-01  -1.2266937e-01   8.6390255e-02  -6.4634685e-01
   5.8059184e-02   1.1385422e-01  -1.2217200e-01   8.3642946e-03  -6.5855213e-01
   5.8559694e-02   1.1985187e-01  -1.0293201e-01  -1.4586018e-01  -6.9593143e-01
   5.9060204e-02   1.0337002e-01  -9.0155596e-02  -2.7392540e-01  -6.7598037e-01
   5.9560714e-02   7.1002457e-02  -7.4881189e-02  -4.8979822e-01  -7.2234438e-01
   6.0061224e-02   8.7931433e-02  -8.2375711e-02  -5.9996993e-01  -6.9538960e-01
   6.0561735e-02   1.0746860e-01  -1.2627443e-01  -6.7561347e-01  -6.9826130e-01
   6.1062245e-02   1.0267450e-01  -1.0998101e-01  -7.8006725e-01  -7.3881742e-01
   6.1562755e-02   1.1544043e-01  -1.1040595e-01  -1.0527719e+00  -7.4334975e-01
   6.2063265e-02   1.2976062e-01  -1.1717481e-01  -1.4470109e+00  -1.0178047e+00
   6.2563776e-02   1.3267754e-01  -1.3034413e-01  -1.4377322e+00  -9.1303429e-01
   6.3064286e-02   1.0377633e-01  -1.1554053e-01  -1.5245281e+00  -1.0250179e+00
   6.3564796e-02   9.1446278e-02  -8.9867160e-02  -1.6440950e+00  -1.1724237e+00
   6.4065306e-02   9.2056629e-02  -8.8216359e-02  -1.7245773e+00  -1.2499897e+00
   6.4565816e-02   8.6349369e-02  -9.2400130e-02  -2.1283760e+00  -1.7505829e+00
   6.5066327e-02   1.0033068e-01  -9.2441525e-02  -2.2147177e+00  -1.8317391e+00
   6.5566837e-02   8.3961191e-02  -7.5042502e-02  -2.2305024e+00  -1.8401670e+00
   6.6067347e-02   5.0045280e-02  -4.8552087e-02  -2.2662710e+00  -1.8597960e+00
   6.6567857e-02   5.2615025e-02  -6.3067525e-02  -2.2887344e+00  -1.6921141e+00
   6.7068367e-02   9.5319526e-02  -1.4005210e-01  -2.5575867e+00  -1.6601630e+00
   6.7568878e-02   1.1161213e-01  -1.5551983e-01  -2.8929067e+00  -1.7440357e+00
   6.8069388e-02   7.6328839e-02  -9.8802226e-02  -3.2642236e+00  -2.0466455e+00
   6.8569898e-02   8.7258391e-02  -1.0793574e-01  -3.5203064e+00  -2.1109264e+00
   6.9070408e-02   9.2345245e-02  -1.3371177e-01  -3.7738015e+00  -1.9660074e+00
   6.9570918e-02   8.2013626e-02  -1.1883796e-01  -4.0417334e+00  -1.9636665e+00
   7.0071429e-02   8.7959230e-02  -1.0551240e-01  -4.2204575e+00  -2.0067315e+00
   7.0571939e-02   8.1907760e-02  -1.1326447e-01  -4.5702114e+00  -2.2996895e+00
   7.1072449e-02   9.3093990e-02  -1.1007260e-01  -5.0114876e+00  -2.7681445e+00
   7.1572959e-02   9.4396902e-02  -1.1197142e-01  -5.5197658e+00  -3.3893589e+00
   7.2073469e-02   9.4482658e-02  -1.0544076e-01  -6.0499284e+00  -4.1633072e+00
   7.2573980e-02   9.5309472e-02  -9.9220332e-02  -6.3611497e+00  -4.7576864e+00
   7.3074490e-02   9.2500790e-02  -1.1859577e-01  -6.7642130e+00  -5.4096228e+00
   7.3575000e-02   7.0521628e-02  -7.6468678e-02  -7.1515011e+00  -6.1442759e+00
   7.4075510e-02   3.1352672e-02  -6.0677785e-02  -7.5981937e+00  -6.8175983e+00
   7.4576020e-02   5.6289555e-02  -8.5404966e-02  -8.2468729e+00  -7.4435992e+00
   7.5076531e-02   6.9954451e-02  -1.2034620e-01  -8.6357626e+00  -7.9782689e+00
   7.5577041e-02   6.7450353e-02  -1.0687414e-01  -8.9435468e+00  -8.6493735e+00
   7.6077551e-02   6.4925556e-02  -9.6339887e-02  -9.2240724e+00  -9.1861416e+00
   7.6578061e-02   6.5943991e-04  -4.0791925e-02  -9.5666023e+00  -9.5317919e+00
   7.7078571e-02   8.9778457e-04  -5.2834502e-02  -9.9109694e+00  -9.9743888e+00
   7.7579082e-02   2.3023620e-02  -6.6436341e-02  -1.0034187e+01  -1.0300832e+01
   7.8079592e-02   2.8547538e-02  -7.5292659e-02  -1.0263886e+01  -1.0482280e+01
   7.8580102e-02   4.0820809e-02  -1.2828654e-01  -1.0488563e+01  -1.0777939e+01
   7.9080612e-02   1.8923264e-02  -1.3654464e-01  -1.0657884e+01  -1.1049013e+01
   7.9581122e-02  -3.4208076e-03  -1.2610794e-01  -1.0975526e+01  -1.1167467e+01
   8.0081633e-02  -4.1784242e-02  -7.2788330e-02  -1.1181129e+01  -1.1251515e+01
   8.0582143e-02  -6.5039110e-02  -8.9440674e-02  -1.1302708e+01  -1.1263161e+01
   8.1082653e-02  -4.8731131e-02  -7.5859065e-02  -1.1307590e+01  -1.1054440e+01
   8.1583163e-02  -1.6061354e-02  -1.3646756e-01  -1.1323297e+01  -1.0968911e+01
   8.2083673e-02   1.6407930e-02  -1.8015341e-01  -1.1483279e+01  -1.1190628e+01
   8.2584184e-02   3.0139066e-03  -1.6685502e-01  -1.1279573e+01  -1.0583656e+01
   8.3084694e-02  -2.2883452e-02  -1.4168404e-01  -1.0909545e+01  -9.7877460e+00
   8.3585204e-02  -5.2506794e-02  -1.0703788e-01  -1.0790598e+01  -9.6181514e+00
   8.4085714e-02  -9.2019961e-02  -1.1217155e-01  -1.0694385e+01  -9.5444709e+00
   8.4586224e-02  -7.8472167e-02  -1.1713147e-01  -1.0667887e+01  -9.6679486e+00
   8.5086735e-02  -5.2700782e-02  -1.2244386e-01  -1.0478907e+01  -9.6978869e+00
   8.5587245e-02  -3.2614183e-02  -1.4259702e-01  -9.9987601e+00  -9.6222205e+00
   8.6087755e-02  -5.2294472e-02  -1.2524688e-01  -9.6490187e+00  -9.8910937e+00
   8.6588265e-02  -1.0598412e-01  -1.2269028e-01  -9.2493068e+00  -1.0240569e+01
   8.7088776e-02  -9.5961223e-02  -1.0358321e-01  -8.6019976e+00  -1.0604146e+01
   8.7589286e-02  -8.4846556e-02  -1.2222471e-01  -8.0751874e+00  -1.1487307e+01
   8.8089796e-02  -9.6793951e-02  -1.3321525e-01  -7.4927112e+00  -1.2587137e+01
   8.8590306e-02  -1.1308892e-01  -1.2902640e-01  -6.8027988e+00  -1.3673584e+01
   8.9090816e-02  -1.2496416e-01  -1.2487969e-01  -6.1044295e+00  -1.5011469e+01
   8.9591327e-02  -9.7871529e-02  -1.2857652e-01  -5.1703070e+00  -1.6256620e+01
   9.0091837e-02  -9.7138161e-02  -1.1873979e-01  -4.4330284e+00  -1.7923637e+01
   9.0592347e-02  -1.2582705e-01  -1.4324297e-01  -3.5736186e+00  -1.9417521e+01
   9.1092857e-02  -1.5251160e-01  -1.7604367e-01  -2.6171300e+00  -2.0809719e+01
   9.1593367e-02  -1.8617674e-01  -1.7366340e-01  -1.7999386e+00  -2.2445691e+01
   9.2093878e-02  -1.6958961e-01  -1.5722541e-01  -7.3287824e-01  -2.3631430e+01
   9.2594388e-02  -1.6554130e-01  -1.7085212e-01   2.0176424e-01  -2.4732761e+01
   9.3094898e-02  -1.7370830e-01  -1.5087015e-01   1.0237662e+00  -2.5685455e+01
   9.3595408e-02  -1.5157005e-01  -1.3739651e-01   1.8071918e+00  -2.6445104e+01
   9.4095918e-02  -1.7494675e-01  -1.8613113e-01   2.3847589e+00  -2.7234142e+01
   9.4596429e-02  -1.2523267e-01  -1.3601181e-01   2.7994689e+00  -2.7842427e+01
   9.5096939e-02  -4.2454328e-02  -2.1108360e-01   3.0945347e+00  -2.8126574e+01
   9.5597449e-02  -4.9871992e-02  -2.3895700e-01   3.4253065e+00  -2.8033871e+01
   9.6097959e-02  -5.8619773e-02  -2.7091850e-01   3.6707270e+00  -2.7665708e+01
   9.6598469e-02  -9.8581240e-02  -3.3047705e-01   3.8663065e+00  -2.6972571e+01
   9.7098980e-02  -1.0406790e-01  -3.4002772e-01   4.0697542e+00  -2.5935809e+01
   9.7599490e-02  -5.3522864e-02  -2.8113366e-01   3.7231688e+00  -2.5241792e+01
   9.8100000e-02  -5.8118835e-02  -2.6604213e-01   3.2235177e+00  -2.4478927e+01
   9.8600510e-02  -7.5844462e-02  -2.8697102e-01   2.9832360e+00  -2.3197209e+01
   9.9101020e-02  -5.6419077e-02  -2.6673955e-01   2.5780528e+00  -2.1914423e+01
   9.9601531e-02  -3.9267133e-02  -2.2869370e-01   2.0531666e+00  -2.0668135e+01
   1.0010204e-01  -4.1767091e-02  -2.3876550e-01   1.3809053e+00  -1.9526558e+01
   1.0060255e-01  -4.8205945e-02  -2.4394602e-01   7.8568380e-01  -1.8250119e+01
   1.0110306e-01  -6.5845223e-02  -2.6220462e-01   1.5487209e-01  -1.7077392e+01
   1.0160357e-01  -7.7390449e-02  -2.9740722e-01  -7.3233325e-01  -1.6239415e+01
   1.0210408e-01  -9.1706505e-02  -3.1875936e-01  -1.3725413e+00  -1.5200530e+01
   1.0260459e-01  -7.1358496e-02  -2.8609291e-01  -2.1350858e+00  -1.4416992e+01
   1.0310510e-01  -5.3274465e-02  -2.6812888e-01  -2.9103643e+00  -1.3760060e+01
   1.0360561e-01  -6.9088603e-02  -2.9642633e-01  -3.3343803e+00  -1.2911085e+01
   1.0410612e-01  -4.6840342e-02  -2.7279228e-01  -3.8625852e+00  -1.2336893e+01
   1.0460663e-01  -5.0712999e-02  -2.7890936e-01  -4.5078432e+00  -1.2033082e+01
   1.0510714e-01  -7.6995376e-02  -3.1213890e-01  -5.1345099e+00  -1.1854037e+01
   1.0560765e-01  -7.9303120e-02  -3.1392157e-01  -5.4938147e+00  -1.1396090e+01
   1.0610816e-01  -8.4660848e-02  -3.1778269e-01  -5.9063234e+00  -1.1028829e+01
   1.0660867e-01  -9.9904851e-02  -3.3218452e-01  -6.4203334e+00  -1.1028917e+01
   1.0710918e-01  -1.2187041e-01  -3.6631048e-01  -6.6351462e+00  -1.0863687e+01
   1.0760969e-01  -1.3856222e-01  -3.8296869e-01  -6.9971793e+00  -1.0341353e+01
   1.0811020e-01  -1.4818532e-01  -3.9413234e-01  -7.3795135e+00  -1.0022557e+01
   1.0861071e-01  -1.3692220e-01  -3.7669516e-01  -7.3216880e+00  -9.8079237e+00
   1.0911122e-01  -1.0131895e-01  -3.2141261e-01  -7.2954037e+00  -9.6795604e+00
   1.0961173e-01  -1.3352446e-01  -3.7303028e-01  -7.2090727e+00  -9.5311412e+00
   1.1011224e-01  -1.6478546e-01  -4.1106638e-01  -7.1707153e+00  -9.4415034e+00
   1.1061276e-01  -1.1688292e-01  -3.4166483e-01  -7.2792800e+00  -9.5670970e+00
   1.1111327e-01  -1.2415450e-01  -3.5400398e-01  -7.1545291e+00  -9.5678709e+00
   1.1161378e-01  -1.5767238e-01  -4.0555901e-01  -7.0156604e+00  -9.4386270e+00
   1.1211429e-01  -1.5616543e-01  -3.9363025e-01  -6.9480391e+00  -9.3297418e+00
   1.1261480e-01  -1.2966363e-01  -3.4166123e-01  -6.9581127e+00  -9.4293280e+00
   1.1311531e-01  -1.2729615e-01  -3.3868331e-01  -6.8208753e+00  -9.2884356e+00
   1.1361582e-01  -1.8102424e-01  -4.1772301e-01  -6.6524631e+00  -9.0959659e+00
   1.1411633e-01  -1.6288048e-01  -4.1302660e-01  -6.5963576e+00  -9.0448312e+00
   1.1461684e-01  -1.5370155e-01  -4.1106948e-01  -6.4817660e+00  -8.8939345e+00
   1.1511735e-01  -1.7588771e-01  -4.5117638e-01  -6.4474714e+00  -8.8431314e+00
   1.1561786e-01  -1.4100955e-01  -4.0603069e-01  -6.4228534e+00  -8.8235958e+00
   1.1611837e-01  -1.4237160e-01  -3.9735429e-01  -6.2858647e+00  -8.6397132e+00
   1.1661888e-01  -1.8341478e-01  -4.5650540e-01  -6.1033746e+00  -8.3660277e+00
   1.1711939e-01  -1.9020554e-01  -4.7290500e-01  -6.1143987e+00  -8.3610422e+00
   1.1761990e-01  -1.6189161e-01  -4.1949759e-01  -6.0904638e+00  -8.3623111e+00
   1.1812041e-01  -1.7583152e-01  -4.3636791e-01  -5.9118182e+00  -8.0940460e+00
   1.1862092e-01  -2.0532120e-01  -4.8732439e-01  -5.8784989e+00  -8.0733656e+00
   1.1912143e-01  -2.0749765e-01  -4.7457895e-01  -5.8257840e+00  -8.1443333e+00
   1.1962194e-01  -2.0685418e-01  -4.5999340e-01  -5.7753956e+00  -8.2110962e+00
   1.2012245e-01  -2.1044886e-01  -4.6422605e-01  -5.6748535e+00  -8.1601523e+00
   1.2062296e-01  -1.9244231e-01  -4.3936673e-01  -5.5324577e+00  -8.1044821e+00
   1.2112347e-01  -1.9222762e-01  -4.3878808e-01  -5.5280152e+00  -8.2253421e+00
   1.2162398e-01  -2.0325712e-01  -4.5054558e-01  -5.5620994e+00  -8.4309368e+00
   1.2212449e-01  -2.0160764e-01  -4.3797694e-01  -5.6044234e+00  -8.6801859e+00
   1.2262500e-01  -2.0396979e-01  -4.3723206e-01  -5.4365548e+00  -8.5821921e+00
   1.2312551e-01  -1.9994337e-01  -4.5394888e-01  -5.3519322e+00  -8.5740054e+00
   1.2362602e-01  -2.0366876e-01  -4.6650429e-01  -5.4728086e+00  -8.8313327e+00
   1.2412653e-01  -1.9930640e-01  -4.5485003e-01  -5.4217816e+00  -8.8926993e+00
   1.2462704e-01  -2.1943913e-01  -4.8268185e-01  -5.3228961e+00  -8.8648070e+00
   1.2512755e-01  -2.1745076e-01  -4.9719955e-01  -5.3259201e+00  -8.9358775e+00
   1.2562806e-01  -2.1080845e-01  -4.9460832e-01  -5.3934443e+00  -9.1432706e+00
   1.2612857e-01  -2.3642133e-01  -5.2788522e-01  -5.3775720e+00  -9.2205123e+00
   1.2662908e-01  -2.3670758e-01  -5.4071481e-01  -5.2209365e+00  -8.9337007e+00
   1.2712959e-01  -2.5459526e-01  -5.6128519e-01  -5.2318175e+00  -8.8850810e+00
   1.2763010e-01  -2.4714862e-01  -5.4572778e-01  -5.2626542e+00  -8.8833087e+00
   1.2813061e-01  -2.2098039e-01  -5.1429417e-01  -5.1919904e+00  -8.7466589e+00
   1.2863112e-01  -2.1438539e-01  -5.0069124e-01  -5.2194961e+00  -8.7559547e+00
   1.2913163e-01  -2.2743343e-01  -5.1033482e-01  -5.2299553e+00  -8.7792905e+00
   1.2963214e-01  -2.5003714e-01  -5.4239890e-01  -5.0461621e+00  -8.3657885e+00
   1.3013265e-01  -2.4626148e-01  -5.1812287e-01  -4.9143580e+00  -8.0713959e+00
   1.3063316e-01  -2.5712834e-01  -5.2847325e-01  -4.9545073e+00  -8.2112441e+00
   1.3113367e-01  -2.6326675e-01  -5.5695619e-01  -4.7725118e+00  -7.8465705e+00
   1.3163418e-01  -2.7383908e-01  -5.8273241e-01  -4.5524155e+00  -7.3605584e+00
   1.3213469e-01  -2.7244154e-01  -5.7931965e-01  -4.4464756e+00  -7.2109638e+00
   1.3263520e-01  -2.5549955e-01  -5.5653768e-01  -4.2846830e+00  -7.0062536e+00
   1.3313571e-01  -2.6681471e-01  -5.7036292e-01  -4.0610546e+00  -6.6258117e+00
   1.3363622e-01  -2.7063651e-01  -5.8006145e-01  -4.0012655e+00  -6.4666656e+00
   1.3413673e-01  -2.6255408e-01  -5.7402967e-01  -3.9167111e+00  -6.2860719e+00
   1.3463724e-01  -2.5610990e-01  -5.6163901e-01  -3.7011608e+00  -6.0268283e+00
   1.3513776e-01  -2.6361392e-01  -5.5949363e-01  -3.5175965e+00  -5.8838525e+00
   1.3563827e-01  -2.6260258e-01  -5.4742947e-01  -3.2635904e+00  -5.6560398e+00
   1.3613878e-01  -2.6555912e-01  -5.6078188e-01  -3.0295481e+00  -5.4131967e+00
   1.3663929e-01  -2.7225879e-01  -5.7807180e-01  -2.7543518e+00  -5.2224143e+00
   1.3713980e-01  -2.7442814e-01  -5.7612637e-01  -2.4495902e+00  -5.1311775e+00
   1.3764031e-01  -2.7716999e-01  -5.8315670e-01  -2.1344925e+00  -5.0915484e+00
   1.3814082e-01  -2.8120056e-01  -6.0164946e-01  -1.8525688e+00  -5.1581167e+00
   1.3864133e-01  -2.8890270e-01  -6.0631784e-01  -1.5387641e+00  -5.2914149e+00
   1.3914184e-01  -2.8187656e-01  -6.0046300e-01  -1.1494585e+00  -5.3805778e+00
   1.3964235e-01  -2.9219102e-01  -6.1712934e-01  -8.9938493e-01  -5.6048299e+00
   1.4014286e-01  -3.0061884e-01  -6.2724069e-01  -6.0043676e-01  -5.8864699e+00
   1.4064337e-01  -2.9285934e-01  -6.1390637e-01  -2.6121449e-01  -6.0274750e+00
   1.4114388e-01  -3.1262538e-01  -6.4973587e-01   8.8930297e-04  -6.1824896e+00
   1.4164439e-01  -3.0967298e-01  -6.2711389e-01   2.7333303e-01  -6.4484976e+00
   1.4214490e-01  -2.9276648e-01  -6.0275914e-01   5.5434717e-01  -6.6275224e+00
   1.4264541e-01  -2.9747660e-01  -6.3719004e-01   8.4005405e-01  -6.8095430e+00
   1.4314592e-01  -2.8369992e-01  -6.0588342e-01   1.1458047e+00  -6.8955013e+00
   1.4364643e-01  -2.7327663e-01  -5.7045242e-01   1.3699461e+00  -6.8429781e+00
   1.4414694e-01  -2.7161827e-01  -5.7122646e-01   1.3777062e+00  -6.6092033e+00
   1.4464745e-01  -2.5889315e-01  -5.6336277e-01   1.3736585e+00  -6.1821867e+00
   1.4514796e-01  -2.4136033e-01  -5.3232617e-01   1.2732869e+00  -5.7167341e+00
   1.4564847e-01  -2.5435041e-01  -5.4073232e-01   1.1319954e+00  -5.1800297e+00
   1.4614898e-01  -2.7626452e-01  -5.6121852e-01   1.1110098e+00  -4.5595284e+00
   1.4664949e-01  -2.7383553e-01  -5.6278123e-01   9.3699648e-01  -3.9276691e+00
   1.4715000e-01  -2.7243385e-01  -5.7814580e-01   6.7570843e-01  -3.2739155e+00
   1.4765051e-01  -2.6170716e-01  -5.6976814e-01   3.7797667e-01  -2.5809926e+00
   1.4815102e-01  -2.5727146e-01  -5.5760953e-01   1.3610967e-01  -2.0769021e+00
   1.4865153e-01  -2.5413040e-01  -5.5626845e-01  -7.3413097e-02  -1.7183597e+00
   1.4915204e-01  -2.4389459e-01  -5.6199517e-01  -3.9979139e-01  -1.7141951e+00
   1.4965255e-01  -2.5376608e-01  -5.7796713e-01  -7.2001188e-01  -1.9172630e+00
   1.5015306e-01  -2.5644820e-01  -5.7557474e-01  -1.0330754e+00  -2.4458713e+00
   1.5065357e-01  -2.5293040e-01  -5.7540835e-01  -1.3633906e+00  -3.0214285e+00
   1.5115408e-01  -2.5737555e-01  -5.8984567e-01  -1.6549813e+00  -3.5282136e+00
   1.5165459e-01  -2.7465170e-01  -6.1471838e-01  -1.9668147e+00  -4.1814180e+00
   1.5215510e-01  -2.8902453e-01  -6.2673854e-01  -2.2851078e+00  -4.6081572e+00
   1.5265561e-01  -2.7242498e-01  -6.2179258e-01  -2.5483685e+00  -4.8304656e+00
   1.5315612e-01  -2.6480150e-01  -6.2690070e-01  -2.8254127e+00  -5.1517362e+00
   1.5365663e-01  -2.6936612e-01  -6.2446454e-01  -3.0118206e+00  -5.4754770e+00
   1.5415714e-01  -2.7872426e-01  -6.4706264e-01  -2.9679147e+00  -5.5956334e+00
   1.5465765e-01  -2.8193747e-01  -6.7456660e-01  -3.0089432e+00  -5.8269233e+00
   1.5515816e-01  -2.5293868e-01  -6.9437471e-01  -3.0535275e+00  -5.9754545e+00
   1.5565867e-01  -2.5079417e-01  -6.6291615e-01  -2.9770085e+00  -6.0036598e+00
   1.5615918e-01  -2.8488987e-01  -5.8635167e-01  -2.9493791e+00  -6.1030217e+00
   1.5665969e-01  -3.0682763e-01  -5.6678157e-01  -2.7100101e+00  -6.1627134e+00
   1.5716020e-01  -3.2612882e-01  -5.8340132e-01  -2.3846688e+00  -6.2330912e+00
   1.5766071e-01  -3.2988497e-01  -5.9266793e-01  -2.0080632e+00  -6.3187052e+00
   1.5816122e-01  -3.1441740e-01  -5.6874333e-01  -1.6352026e+00  -6.4027198e+00
   1.5866173e-01  -3.1896665e-01  -5.5242852e-01  -1.1737400e+00  -6.5483989e+00
   1.5916224e-01  -3.2388672e-01  -5.5545554e-01  -6.5280573e-01  -6.7069377e+00
   1.5966276e-01  -3.2852055e-01  -5.8054688e-01  -1.5280836e-01  -6.8723684e+00
   1.6016327e-01  -3.2037602e-01  -5.6135352e-01   5.0155644e-01  -7.2341009e+00
   1.6066378e-01  -2.9323075e-01  -5.2164012e-01   1.0813111e+00  -7.4757911e+00
   1.6116429e-01  -2.9583125e-01  -5.4010922e-01   1.6199955e+00  -7.6410523e+00
   1.6166480e-01  -2.9541903e-01  -5.3143898e-01   2.3242606e+00  -8.0246121e+00
   1.6216531e-01  -2.8871876e-01  -5.2752304e-01   3.1085935e+00  -8.5369532e+00
   1.6266582e-01  -2.8847096e-01  -5.3976472e-01   5.6421001e+00  -1.0145668e+01
   1.6316633e-01  -2.8309963e-01  -5.4514423e-01   8.4905860e+00  -1.3386940e+01
   1.6366684e-01  -2.8999802e-01  -5.6971529e-01   1.0002251e+01  -1.5392036e+01
   1.6416735e-01  -2.9318403e-01  -5.6313884e-01   1.1738509e+01  -1.7755928e+01
   1.6466786e-01  -3.0292718e-01  -5.5500963e-01   1.3718042e+01  -2.0415218e+01
   1.6516837e-01  -3.1938242e-01  -5.8496320e-01   1.5637189e+01  -2.3179332e+01
   1.6566888e-01  -3.1013666e-01  -5.8531216e-01   1.7502646e+01  -2.6135135e+01
   1.6616939e-01  -2.8001830e-01  -5.4493151e-01   1.9640417e+01  -2.9443115e+01
   1.6666990e-01  -2.7022547e-01  -5.4338119e-01   2.1362146e+01  -3.3384640e+01
   1.6717041e-01  -2.6824715e-01  -5.5906806e-01   2.3220928e+01  -3.7753485e+01
   1.6767092e-01  -2.6840742e-01  -5.7455146e-01   2.5627463e+01  -4.2183087e+01
   1.6817143e-01  -2.7953924e-01  -5.9704953e-01   2.7714642e+01  -4.6894762e+01
   1.6867194e-01  -2.5675515e-01  -5.7113360e-01   3.0052069e+01  -5.1985019e+01
   1.6917245e-01  -2.3775322e-01  -5.4796006e-01   3.2403773e+01  -5.7561260e+01
   1.6967296e-01  -2.1576519e-01  -5.2638251e-01   3.4356670e+01  -6.3000951e+01
   1.7017347e-01  -2.0893422e-01  -5.2079156e-01   3.6156713e+01  -6.8071346e+01
   1.7067398e-01  -2.1462019e-01  -5.3017309e-01   3.7530378e+01  -7.2762519e+01
   1.7117449e-01  -2.1722128e-01  -5.3875134e-01   3.8513025e+01  -7.7343947e+01
   1.7167500e-01  -2.1275069e-01  -5.5225260e-01   3.9138126e+01  -8.1663418e+01
   1.7217551e-01  -1.8236264e-01  -5.4352990e-01   3.9306792e+01  -8.5241089e+01
   1.7267602e-01  -1.7554941e-01  -5.4953438e-01   3.8915550e+01  -8.7960483e+01
   1.7317653e-01  -1.8946448e-01  -5.9401923e-01   3.7819222e+01  -9.0135429e+01
   1.7367704e-01  -1.6777867e-01  -5.8296521e-01   3.6223124e+01  -9.1809764e+01
   1.7417755e-01  -1.3129715e-01  -5.4938999e-01   3.4242359e+01  -9.2346121e+01
   1.7467806e-01   2.6688805e-01  -1.2626868e+00   3.1797094e+01  -9.2046269e+01
   1.7517857e-01   6.3373300e-01  -1.9746174e+00   2.8821564e+01  -9.1070451e+01
   1.7567908e-01   5.9085225e-01  -1.9524091e+00   2.5378441e+01  -8.9273782e+01
   1.7617959e-01   5.6011466e-01  -1.8934661e+00   2.1785194e+01  -8.6629457e+01
   1.7668010e-01   5.3939819e-01  -1.8286929e+00   1.8056479e+01  -8.3278806e+01
   1.7718061e-01   4.6918292e-01  -1.7465807e+00   1.4211819e+01  -7.9417227e+01
   1.7768112e-01   3.7955706e-01  -1.6002622e+00   1.0540644e+01  -7.4880997e+01
   1.7818163e-01   3.2195808e-01  -1.4823551e+00   7.0235305e+00  -6.9952552e+01
   1.7868214e-01   1.4238461e-01  -1.6376100e+00   3.5459459e+00  -6.4913608e+01
   1.7918265e-01   8.3781398e-03  -1.7978972e+00   4.5936420e-01  -5.9879997e+01
   1.7968316e-01   2.1213265e-02  -1.7040037e+00  -2.3052316e+00  -5.4804482e+01
   1.8018367e-01  -1.8299901e-02  -1.6766787e+00  -4.7542002e+00  -4.9604810e+01
   1.8068418e-01  -2.2119330e-04  -1.6452389e+00  -6.6527812e+00  -4.4509933e+01
   1.8118469e-01   2.2357083e-02  -1.6846162e+00  -8.2417899e+00  -3.9551702e+01
   1.8168520e-01   5.0744345e-03  -1.7228243e+00  -9.4601480e+00  -3.4914046e+01
   1.8218571e-01   1.7876440e-02  -1.6882168e+00  -1.0089352e+01  -3.0530748e+01
   1.8268622e-01   1.5178355e-02  -1.6394811e+00  -1.0398466e+01  -2.6577272e+01
   1.8318673e-01   2.2150084e-02  -1.6389129e+00  -1.0293169e+01  -2.2928788e+01
   1.8368724e-01   3.0200574e-02  -1.6729800e+00  -9.9751367e+00  -1.9543132e+01
   1.8418776e-01   4.2969460e-02  -1.6554137e+00  -9.4934337e+00  -1.6771612e+01
   1.8468827e-01   4.4161774e-02  -1.6156451e+00  -8.7362626e+00  -1.4643813e+01
   1.8518878e-01   1.5902260e-02  -1.6150856e+00  -8.0140435e+00  -1.3035217e+01
   1.8568929e-01   1.3395797e-02  -1.6528724e+00  -7.3412773e+00  -1.1898932e+01
   1.8618980e-01   2.0898627e-02  -1.6445744e+00  -6.7293800e+00  -1.1299768e+01
   1.8669031e-01   3.5234791e-02  -1.6313112e+00  -6.2998868e+00  -1.1171942e+01
   1.8719082e-01   2.9070950e-02  -1.6541217e+00  -5.9337256e+00  -1.1153321e+01
   1.8769133e-01  -3.4811330e-03  -1.6757777e+00  -6.8027986e+00  -1.2812019e+01
   1.8819184e-01   4.1896613e-03  -1.6670536e+00  -7.4234225e+00  -1.3966865e+01
   1.8869235e-01   1.4159920e-02  -1.6545379e+00  -6.8993188e+00  -1.3192603e+01
   1.8919286e-01   1.9280485e-02  -1.6282732e+00  -6.9402261e+00  -1.2484231e+01
   1.8969337e-01   5.4837012e-02  -1.5529230e+00  -7.2791026e+00  -1.1575177e+01
   1.9019388e-01   8.7378450e-02  -1.5034378e+00  -7.7999845e+00  -1.0540126e+01
   1.9069439e-01   9.0979051e-02  -1.4847983e+00  -8.5040094e+00  -9.1935809e+00
   1.9119490e-01   1.2448451e-01  -1.4755843e+00  -9.6701976e+00  -7.8262148e+00
   1.9169541e-01   1.2245947e-01  -1.4967692e+00  -1.0831575e+01  -7.5597100e+00
   1.9219592e-01   9.1594134e-02  -1.4839817e+00  -1.2161445e+01  -7.4523882e+00
   1.9269643e-01   8.8938632e-02  -1.4692419e+00  -1.4120422e+01  -6.2941937e+00
   1.9319694e-01   4.7260846e-02  -1.4726938e+00  -1.6052058e+01  -5.9598251e+00
   1.9369745e-01   1.9960625e-02  -1.4770599e+00  -1.8057132e+01  -6.7895980e+00
   1.9419796e-01   2.9864644e-02  -1.4737412e+00  -2.0106524e+01  -8.0156482e+00
   1.9469847e-01   2.2074382e-02  -1.4659770e+00  -2.2054796e+01  -9.5216623e+00
   1.9519898e-01   2.0585171e-02  -1.4868629e+00  -2.3972887e+01  -1.1371936e+01
   1.9569949e-01  -4.4676315e-03  -1.5217197e+00  -2.5198597e+01  -1.3486134e+01
   1.9620000e-01  -3.3713644e-02  -1.5202414e+00  -2.6162019e+01  -1.5346906e+01
   1.9670051e-01  -2.5418304e-02  -1.5057637e+00  -2.7233443e+01  -1.7132785e+01
   1.9720102e-01  -3.3236955e-02  -1.5375740e+00  -2.8161117e+01  -1.8910789e+01
   1.9770153e-01  -7.7835201e-02  -1.5814833e+00  -2.8754887e+01  -2.0589840e+01
   1.9820204e-01  -1.3460618e-01  -1.5961384e+00  -2.8900937e+01  -2.2114049e+01
   1.9870255e-01  -1.7800028e-01  -1.6072036e+00  -2.8971526e+01  -2.3380689e+01
   1.9920306e-01  -1.9232107e-01  -1.6118947e+00  -2.8962662e+01  -2.4679923e+01
   1.9970357e-01  -2.2578395e-01  -1.6366794e+00  -2.8485184e+01  -2.5869182e+01
   2.0020408e-01  -2.2901786e-01  -1.6932921e+00  -2.7431543e+01  -2.7051330e+01
   2.0070459e-01  -2.2123943e-01  -1.6720428e+00  -2.6146464e+01  -2.8246321e+01
   2.0120510e-01  -2.5858088e-01  -1.6376881e+00  -2.4614481e+01  -2.9500049e+01
   2.0170561e-01  -2.7919917e-01  -1.6488453e+00  -2.2718323e+01  -3.0889006e+01
   2.0220612e-01  -3.0369012e-01  -1.6659557e+00  -2.0450291e+01  -3.2409183e+01
   2.0270663e-01  -3.1155372e-01  -1.7287464e+00  -1.8175870e+01  -3.4197017e+01
   2.0320714e-01  -3.4224991e-01  -1.7851581e+00  -1.5784103e+01  -3.5933404e+01
   2.0370765e-01  -3.9395828e-01  -1.8058495e+00  -1.2946309e+01  -3.7569750e+01
   2.0420816e-01  -3.8777314e-01  -1.8146790e+00  -1.2361608e+01  -3.6777845e+01
   2.0470867e-01  -3.9544157e-01  -1.8297832e+00  -1.2390838e+01  -3.6065586e+01
   2.0520918e-01  -4.2099117e-01  -1.8688935e+00  -1.0893427e+01  -3.6963068e+01
   2.0570969e-01  -4.1344813e-01  -1.8788434e+00  -9.6819116e+00  -3.7823928e+01
   2.0621020e-01  -4.2202972e-01  -1.8804695e+00  -8.8691883e+00  -3.8118650e+01
   2.0671071e-01  -4.4436669e-01  -1.8739528e+00  -8.5968991e+00  -3.8518505e+01
   2.0721122e-01  -4.4996513e-01  -1.8841656e+00  -8.8313138e+00  -3.9059484e+01
   2.0771173e-01  -3.3500612e-01  -1.7465429e+00  -9.7217909e+00  -3.9752785e+01
   2.0821224e-01  -2.1407135e-01  -1.6148602e+00  -1.1240657e+01  -4.0910782e+01
   2.0871276e-01  -1.8875359e-01  -1.6247957e+00  -1.3469318e+01  -4.1794514e+01
   2.0921327e-01  -1.8809710e-01  -1.6257221e+00  -1.6277673e+01  -4.3387954e+01
   2.0971378e-01  -1.8095386e-01  -1.5961643e+00  -1.9769599e+01  -4.6263434e+01
   2.1021429e-01  -1.5769308e-01  -1.5829906e+00  -2.4007675e+01  -4.9860536e+01
   2.1071480e-01  -1.7120598e-01  -1.6175485e+00  -2.8561042e+01  -5.4588175e+01
   2.1121531e-01  -2.2878366e-01  -1.6828802e+00  -3.3613961e+01  -6.0216075e+01
   2.1171582e-01  -2.3690749e-01  -1.6892314e+00  -3.9162537e+01  -6.6477284e+01
   2.1221633e-01  -1.9888708e-01  -1.6909642e+00  -4.5019342e+01  -7.3395475e+01
   2.1271684e-01  -2.0062942e-01  -1.7449587e+00  -5.0932562e+01  -8.0750458e+01
   2.1321735e-01  -1.8265244e-01  -1.7861431e+00  -5.6918971e+01  -8.8350065e+01
   2.1371786e-01  -1.4890922e-01  -1.8689867e+00  -6.2867519e+01  -9.5628118e+01
   2.1421837e-01  -1.0070091e-01  -1.9953045e+00  -6.8471907e+01  -1.0245557e+02
   2.1471888e-01  -9.4138449e-02  -2.1510505e+00  -7.3718128e+01  -1.0890414e+02
   2.1521939e-01  -1.1212489e-01  -2.2459618e+00  -7.8414984e+01  -1.1457654e+02
   2.1571990e-01  -8.1011159e-02  -2.2767963e+00  -8.2488288e+01  -1.1939238e+02
   2.1622041e-01  -5.5737104e-01  -1.3106293e+00  -8.5840621e+01  -1.2307510e+02
   2.1672092e-01  -1.0805648e+00  -3.4181614e-01  -8.8439924e+01  -1.2539615e+02
   2.1722143e-01  -1.1200117e+00  -3.4314516e-01  -9.0355320e+01  -1.2654539e+02
   2.1772194e-01  -1.1232781e+00  -3.1026059e-01  -9.1405346e+01  -1.2643374e+02
   2.1822245e-01  -1.1522651e+00  -3.2670049e-01  -9.1708707e+01  -1.2498643e+02
   2.1872296e-01  -1.1781033e+00  -3.1339208e-01  -9.1456207e+01  -1.2225701e+02
   2.1922347e-01  -1.1686227e+00  -2.8127261e-01  -9.0352104e+01  -1.1842373e+02
   2.1972398e-01  -1.1928452e+00  -2.7555072e-01  -8.8584850e+01  -1.1360669e+02
   2.2022449e-01  -1.2106477e+00  -2.3404526e-01  -8.6452455e+01  -1.0797573e+02
   2.2072500e-01  -1.2553010e+00  -3.0202070e-01  -8.4135098e+01  -1.0161715e+02
   2.2122551e-01  -1.2748387e+00  -3.5554654e-01  -8.1371412e+01  -9.4865060e+01
   2.2172602e-01  -1.2756052e+00  -3.0194552e-01  -7.8155680e+01  -8.7958726e+01
   2.2222653e-01  -1.3228382e+00  -3.2242641e-01  -7.4786907e+01  -8.0801006e+01
   2.2272704e-01  -1.3326488e+00  -3.0816900e-01  -7.1390025e+01  -7.3651213e+01
   2.2322755e-01  -1.3513266e+00  -2.8422503e-01  -6.8073749e+01  -6.6783059e+01
   2.2372806e-01  -1.3813936e+00  -3.1114547e-01  -6.4787040e+01  -6.0290152e+01
   2.2422857e-01  -1.3971349e+00  -3.1433331e-01  -6.1558999e+01  -5.4233422e+01
   2.2472908e-01  -1.4079823e+00  -3.1919833e-01  -5.8600086e+01  -4.8400048e+01
   2.2522959e-01  -1.4156578e+00  -3.1268250e-01  -5.5911059e+01  -4.3201983e+01
   2.2573010e-01  -1.4434945e+00  -3.1454213e-01  -5.3440467e+01  -3.8689053e+01
   2.2623061e-01  -1.4842171e+00  -3.4641026e-01  -5.1269367e+01  -3.4581601e+01
   2.2673112e-01  -1.5147228e+00  -3.6531925e-01  -4.9313695e+01  -3.1069891e+01
   2.2723163e-01  -1.5358273e+00  -3.9346804e-01  -4.7685811e+01  -2.8048690e+01
   2.2773214e-01  -1.5423377e+00  -3.9690555e-01  -4.6082688e+01  -2.5440630e+01
   2.2823265e-01  -1.5607115e+00  -4.1487005e-01  -4.4485796e+01  -2.3071908e+01
   2.2873316e-01  -1.5894335e+00  -4.4195498e-01  -4.3270543e+01  -2.0982817e+01
   2.2923367e-01  -1.5979607e+00  -4.1838902e-01  -4.0780432e+01  -1.7100441e+01
   2.2973418e-01  -1.6055706e+00  -3.9146932e-01  -3.8614169e+01  -1.4133296e+01
   2.3023469e-01  -1.6351862e+00  -3.6530593e-01  -3.8212042e+01  -1.3437840e+01
   2.3073520e-01  -1.6812950e+00  -3.9476015e-01  -3.7784246e+01  -1.2788802e+01
   2.3123571e-01  -1.6956045e+00  -4.1578038e-01  -3.7276272e+01  -1.2049705e+01
   2.3173622e-01  -1.7055346e+00  -3.9160205e-01  -3.6852451e+01  -1.1434113e+01
   2.3223673e-01  -1.7381038e+00  -4.0406331e-01  -3.6492775e+01  -1.0747708e+01
   2.3273724e-01  -1.7459834e+00  -4.0944938e-01  -3.5969397e+01  -1.0167904e+01
   2.3323776e-01  -1.7416861e+00  -3.9683617e-01  -3.5432179e+01  -9.7631257e+00
   2.3373827e-01  -1.7646387e+00  -3.8374701e-01  -3.4884786e+01  -9.0928180e+00
   2.3423878e-01  -1.7942165e+00  -3.8565901e-01  -3.4447038e+01  -8.5412736e+00
   2.3473929e-01  -1.8148177e+00  -4.0624733e-01  -3.3979502e+01  -8.1759493e+00
   2.3523980e-01  -1.8314462e+00  -3.8838261e-01  -3.3488535e+01  -7.8307852e+00
   2.3574031e-01  -1.8545444e+00  -3.9662201e-01  -3.3091707e+01  -7.4999746e+00
   2.3624082e-01  -1.8767701e+00  -4.4508962e-01  -3.2694203e+01  -7.2302911e+00
   2.3674133e-01  -1.8741052e+00  -4.1184993e-01  -3.2393528e+01  -7.0503242e+00
   2.3724184e-01  -1.8584300e+00  -3.9089261e-01  -3.2185836e+01  -6.8541984e+00
   2.3774235e-01  -1.8785787e+00  -4.0767291e-01  -3.2031680e+01  -6.6559271e+00
   2.3824286e-01  -1.9009470e+00  -4.1167265e-01  -3.1799739e+01  -6.6106973e+00
   2.3874337e-01  -1.9127401e+00  -4.1191937e-01  -3.1581370e+01  -6.5835291e+00
   2.3924388e-01  -1.9463620e+00  -4.2223933e-01  -3.1381817e+01  -6.6235187e+00
   2.3974439e-01  -1.9682868e+00  -4.4114291e-01  -3.1242140e+01  -6.7822560e+00
   2.4024490e-01  -1.9634980e+00  -4.1690750e-01  -3.1171803e+01  -7.0544201e+00
   2.4074541e-01  -1.9781950e+00  -4.0441149e-01  -3.1156585e+01  -7.2410655e+00
   2.4124592e-01  -1.9931320e+00  -4.0943511e-01  -3.1152957e+01  -7.3955061e+00
   2.4174643e-01  -2.0136054e+00  -4.1913061e-01  -3.1208600e+01  -7.5930003e+00
   2.4224694e-01  -2.0458180e+00  -4.1142464e-01  -3.1281909e+01  -7.7927112e+00
   2.4274745e-01  -2.0484569e+00  -3.8996880e-01  -3.1328118e+01  -7.9617281e+00
   2.4324796e-01  -2.0588022e+00  -3.9793107e-01  -3.1380042e+01  -8.1731627e+00
   2.4374847e-01  -2.0889241e+00  -4.0664182e-01  -3.1325616e+01  -8.5904175e+00
   2.4424898e-01  -2.1095459e+00  -3.9037682e-01  -3.1460032e+01  -8.8736043e+00
   2.4474949e-01  -2.1179921e+00  -3.9029297e-01  -3.1627301e+01  -8.9972092e+00
   2.4525000e-01  -2.1189443e+00  -3.9035892e-01  -3.1575523e+01  -9.2864390e+00
   2.4575051e-01  -2.1355598e+00  -3.8718734e-01  -3.1647115e+01  -9.5214685e+00
   2.4625102e-01  -2.1543435e+00  -3.8074548e-01  -3.1863015e+01  -9.6271844e+00
   2.4675153e-01  -2.1510315e+00  -3.4629070e-01  -3.1868448e+01  -9.8559613e+00
   2.4725204e-01  -2.1738670e+00  -3.7412410e-01  -3.1844097e+01  -1.0133172e+01
   2.4775255e-01  -2.1839467e+00  -3.8567466e-01  -3.1790501e+01  -1.0402314e+01
   2.4825306e-01  -2.1969841e+00  -3.7848065e-01  -3.1745036e+01  -1.0483318e+01
   2.4875357e-01  -2.2334284e+00  -4.0321849e-01  -3.1672983e+01  -1.0720143e+01
   2.4925408e-01  -2.2688648e+00  -3.8071496e-01  -3.1499754e+01  -1.1143209e+01
   2.4975459e-01  -2.3017132e+00  -3.8108126e-01  -3.1372472e+01  -1.1465340e+01
   2.5025510e-01  -2.3041599e+00  -4.0351708e-01  -3.1311128e+01  -1.1683509e+01
   2.5075561e-01  -2.3177639e+00  -3.9568678e-01  -3.1101450e+01  -1.1854181e+01
   2.5125612e-01  -2.3338566e+00  -4.0307031e-01  -3.0797071e+01  -1.2157110e+01
   2.5175663e-01  -2.3456426e+00  -3.9334360e-01  -3.0498768e+01  -1.2463936e+01
   2.5225714e-01  -2.3592359e+00  -3.5304757e-01  -3.0078767e+01  -1.2829914e+01
   2.5275765e-01  -2.3700495e+00  -3.5268523e-01  -2.9707405e+01  -1.3227436e+01
   2.5325816e-01  -2.3878503e+00  -3.6502583e-01  -2.9448099e+01  -1.3462420e+01
   2.5375867e-01  -2.4190214e+00  -3.7858434e-01  -2.9185229e+01  -1.3698835e+01
   2.5425918e-01  -2.4313006e+00  -3.6356723e-01  -2.8881588e+01  -1.3957957e+01
   2.5475969e-01  -2.4344150e+00  -3.5618822e-01  -2.8546125e+01  -1.4213855e+01
   2.5526020e-01  -2.4524275e+00  -3.8440313e-01  -2.8089262e+01  -1.4621135e+01
   2.5576071e-01  -2.4511896e+00  -3.7437435e-01  -2.7795535e+01  -1.4929528e+01
   2.5626122e-01  -2.4702377e+00  -3.7763792e-01  -2.7511681e+01  -1.5287198e+01
   2.5676173e-01  -2.4933855e+00  -3.7946244e-01  -2.7174318e+01  -1.5616198e+01
   2.5726224e-01  -2.4814416e+00  -3.4144813e-01  -2.6935837e+01  -1.5739180e+01
   2.5776276e-01  -2.4874044e+00  -3.3554307e-01  -2.6701255e+01  -1.5947516e+01
   2.5826327e-01  -2.5249073e+00  -3.6182916e-01  -2.6616413e+01  -1.6028759e+01
   2.5876378e-01  -2.5340922e+00  -3.6441262e-01  -2.6505278e+01  -1.6140406e+01
   2.5926429e-01  -2.5450329e+00  -3.3461306e-01  -2.6340743e+01  -1.6321981e+01
   2.5976480e-01  -2.5482941e+00  -3.2400259e-01  -2.6272860e+01  -1.6387850e+01
   2.6026531e-01  -2.5597393e+00  -3.5817221e-01  -2.6201990e+01  -1.6504518e+01
   2.6076582e-01  -2.5776761e+00  -3.6129561e-01  -2.6125934e+01  -1.6574602e+01
   2.6126633e-01  -2.5791127e+00  -3.4097635e-01  -2.6041947e+01  -1.6643499e+01
   2.6176684e-01  -2.5865877e+00  -3.2704380e-01  -2.6086512e+01  -1.6563069e+01
   2.6226735e-01  -2.6143729e+00  -3.3061259e-01  -2.6062352e+01  -1.6520540e+01
   2.6276786e-01  -2.6407878e+00  -3.5513096e-01  -2.5974589e+01  -1.6669832e+01
   2.6326837e-01  -2.6504682e+00  -3.5126329e-01  -2.6019929e+01  -1.6673451e+01
   2.6376888e-01  -2.6608164e+00  -3.4649171e-01  -2.6018057e+01  -1.6684216e+01
   2.6426939e-01  -2.6640669e+00  -3.4452568e-01  -2.6068318e+01  -1.6744862e+01
   2.6476990e-01  -2.6751058e+00  -3.5189743e-01  -2.6080698e+01  -1.6700418e+01
   2.6527041e-01  -2.6981638e+00  -3.7494558e-01  -2.6003093e+01  -1.6729262e+01
   2.6577092e-01  -2.7352231e+00  -3.8199084e-01  -2.6029980e+01  -1.6836318e+01
   2.6627143e-01  -2.7573117e+00  -3.9754365e-01  -2.6072286e+01  -1.6962620e+01
   2.6677194e-01  -2.7707767e+00  -4.1250593e-01  -2.6024621e+01  -1.7079675e+01
   2.6727245e-01  -2.7590883e+00  -3.8345506e-01  -2.5988379e+01  -1.7090145e+01
   2.6777296e-01  -2.7635790e+00  -3.6667400e-01  -2.6065711e+01  -1.7082873e+01
   2.6827347e-01  -2.7734659e+00  -3.6512338e-01  -2.6081809e+01  -1.7103956e+01
   2.6877398e-01  -2.7786468e+00  -3.6384212e-01  -2.6163109e+01  -1.7012347e+01
   2.6927449e-01  -2.7928108e+00  -3.7136305e-01  -2.6228105e+01  -1.6998283e+01
   2.6977500e-01  -2.7929072e+00  -3.7102788e-01  -2.6270862e+01  -1.6950683e+01
   2.7027551e-01  -2.8194185e+00  -3.7510054e-01  -2.6451650e+01  -1.6760454e+01
   2.7077602e-01  -2.8423268e+00  -3.7816883e-01  -2.6522914e+01  -1.6662295e+01
   2.7127653e-01  -2.8456204e+00  -3.7858659e-01  -2.6498715e+01  -1.6589126e+01
   2.7177704e-01  -2.8528092e+00  -3.7932656e-01  -2.6625932e+01  -1.6366454e+01
   2.7227755e-01  -2.8747352e+00  -3.8630705e-01  -2.6767779e+01  -1.6152085e+01
   2.7277806e-01  -2.8804732e+00  -4.0419776e-01  -2.6936337e+01  -1.5973079e+01
   2.7327857e-01  -2.8859368e+00  -4.0682375e-01  -2.7028020e+01  -1.5898809e+01
   2.7377908e-01  -2.9345591e+00  -3.9606798e-01  -2.7133045e+01  -1.5726641e+01
   2.7427959e-01  -2.9546847e+00  -4.0441948e-01  -2.7282936e+01  -1.5449341e+01
   2.7478010e-01  -2.9538425e+00  -4.1713739e-01  -2.7409355e+01  -1.5234748e+01
   2.7528061e-01  -2.9651228e+00  -4.3508810e-01  -2.7458747e+01  -1.5179692e+01
   2.7578112e-01  -2.9764634e+00  -4.4036334e-01  -2.7490635e+01  -1.5197679e+01
   2.7628163e-01  -3.0026056e+00  -4.3191581e-01  -2.7575631e+01  -1.5104800e+01
   2.7678214e-01  -3.0152384e+00  -4.3944797e-01  -2.7655100e+01  -1.5023562e+01
   2.7728265e-01  -3.0098375e+00  -4.4035281e-01  -2.7704154e+01  -1.4952625e+01
   2.7778316e-01  -3.0216006e+00  -5.4177402e-01  -3.3226163e+01  -1.2238226e+01
   2.7828367e-01  -3.0563977e+00  -5.3782504e-01  -3.3325548e+01  -1.2063760e+01
   2.7878418e-01  -3.0690006e+00  -5.4362174e-01  -3.3328440e+01  -1.2032682e+01
   2.7928469e-01  -3.0647684e+00  -5.5519496e-01  -3.3393593e+01  -1.1958346e+01
   2.7978520e-01  -3.0898535e+00  -5.5357214e-01  -3.3493730e+01  -1.1856222e+01
   2.8028571e-01  -3.1069118e+00  -5.6146144e-01  -3.3537730e+01  -1.1797563e+01
   2.8078622e-01  -3.1225704e+00  -5.7517948e-01  -3.3519708e+01  -1.1751266e+01
   2.8128673e-01  -3.1497129e+00  -5.8265861e-01  -3.3455216e+01  -1.1728993e+01
   2.8178724e-01  -3.1658620e+00  -5.7957365e-01  -3.3487811e+01  -1.1676483e+01
   2.8228776e-01  -3.1865982e+00  -5.8188111e-01  -3.3538187e+01  -1.1632995e+01
   2.8278827e-01  -3.1906420e+00  -6.0508691e-01  -3.3539727e+01  -1.1598349e+01
   2.8328878e-01  -3.1940967e+00  -6.1827024e-01  -3.3513001e+01  -1.1544294e+01
   2.8378929e-01  -3.2127179e+00  -6.1460394e-01  -3.3506032e+01  -1.1462755e+01
   2.8428980e-01  -3.2350904e+00  -6.1453907e-01  -3.3496124e+01  -1.1392261e+01
   2.8479031e-01  -3.2581063e+00  -6.2310606e-01  -3.3447854e+01  -1.1401711e+01
   2.8529082e-01  -3.2699758e+00  -6.3297827e-01  -3.3525136e+01  -1.1310071e+01
   2.8579133e-01  -3.2898943e+00  -6.3137256e-01  -3.3565772e+01  -1.1209373e+01
   2.8629184e-01  -3.3038038e+00  -6.4168428e-01  -3.3468959e+01  -1.1251279e+01
   2.8679235e-01  -3.3232176e+00  -6.4447537e-01  -3.3429880e+01  -1.1243561e+01
   2.8729286e-01  -3.3477121e+00  -6.3688202e-01  -3.3410668e+01  -1.1194726e+01
   2.8779337e-01  -3.3680343e+00  -6.4206466e-01  -3.3398182e+01  -1.1176617e+01
   2.8829388e-01  -3.3811844e+00  -6.5465037e-01  -3.3394116e+01  -1.1151756e+01
   2.8879439e-01  -3.4000115e+00  -6.6000614e-01  -3.3319468e+01  -1.1205767e+01
   2.8929490e-01  -3.4071307e+00  -6.7248530e-01  -3.3247727e+01  -1.1262458e+01
   2.8979541e-01  -3.4106579e+00  -6.8217103e-01  -3.3175344e+01  -1.1311321e+01
   2.9029592e-01  -3.4457784e+00  -6.7122014e-01  -3.3042209e+01  -1.1427454e+01
   2.9079643e-01  -3.4661226e+00  -6.7590317e-01  -3.2994375e+01  -1.1431042e+01
   2.9129694e-01  -3.4852636e+00  -6.8306313e-01  -3.2903277e+01  -1.1496683e+01
   2.9179745e-01  -3.5095522e+00  -6.8386264e-01  -3.2840268e+01  -1.1549967e+01
   2.9229796e-01  -3.5271917e+00  -6.8477893e-01  -3.2841991e+01  -1.1581385e+01
   2.9279847e-01  -3.5362997e+00  -6.9755701e-01  -3.2808704e+01  -1.1652174e+01
   2.9329898e-01  -3.5354630e+00  -7.1975027e-01  -3.2833430e+01  -1.1614375e+01
   2.9379949e-01  -3.5510530e+00  -7.2175594e-01  -3.2843046e+01  -1.1566089e+01
   2.9430000e-01  -3.5663835e+00  -7.3139695e-01  -3.2808369e+01  -1.1536305e+01
   2.9480051e-01  -3.5757525e+00  -7.4773935e-01  -3.2800816e+01  -1.1522940e+01
   2.9530102e-01  -3.5896849e+00  -7.4833233e-01  -3.2857407e+01  -1.1466226e+01
   2.9580153e-01  -3.6120282e+00  -7.4617698e-01  -3.2975778e+01  -1.1314175e+01
   2.9630204e-01  -3.6284241e+00  -7.5078255e-01  -3.3075712e+01  -1.1211393e+01
   2.9680255e-01  -3.6355275e+00  -7.6601029e-01  -3.3155380e+01  -1.1153638e+01
   2.9730306e-01  -3.6742549e+00  -7.5926217e-01  -3.3242816e+01  -1.1021718e+01
   2.9780357e-01  -3.6938776e+00  -7.5833222e-01  -3.3249735e+01  -1.0917287e+01
   2.9830408e-01  -3.6956314e+00  -7.7182850e-01  -3.3370226e+01  -1.0733609e+01
   2.9880459e-01  -3.7260614e+00  -7.6760502e-01  -3.3510810e+01  -1.0546411e+01
   2.9930510e-01  -3.7461928e+00  -7.7295948e-01  -3.3600450e+01  -1.0390084e+01
   2.9980561e-01  -3.7635760e+00  -7.8036865e-01  -3.3706908e+01  -1.0273455e+01
   3.0030612e-01  -3.7782441e+00  -7.8641436e-01  -3.3828444e+01  -1.0130876e+01
   3.0080663e-01  -3.7899741e+00  -7.9549272e-01  -3.3934435e+01  -9.9423374e+00
   3.0130714e-01  -3.8174975e+00  -7.9282775e-01  -3.4056538e+01  -9.7700475e+00
   3.0180765e-01  -3.8256315e+00  -8.0363217e-01  -3.4167047e+01  -9.6096151e+00
   3.0230816e-01  -3.8240812e+00  -8.2163420e-01  -3.4330858e+01  -9.4028173e+00
   3.0280867e-01  -3.8533576e+00  -8.1075712e-01  -3.4488546e+01  -9.2042405e+00
   3.0330918e-01  -3.8727855e+00  -8.1232763e-01  -3.4569431e+01  -9.1016624e+00
   3.0380969e-01  -3.8801815e+00  -8.2760033e-01  -3.4751174e+01  -8.8985702e+00
   3.0431020e-01  -3.8931582e+00  -8.3908472e-01  -3.4903715e+01  -8.7032910e+00
   3.0481071e-01  -3.9185564e+00  -8.4058540e-01  -3.4998254e+01  -8.5752457e+00
   3.0531122e-01  -3.9461515e+00  -8.3606416e-01  -3.5196120e+01  -8.3941641e+00
   3.0581173e-01  -3.9641837e+00  -8.3615329e-01  -3.5395031e+01  -8.2209194e+00
   3.0631224e-01  -3.9762212e+00  -8.3788058e-01  -3.5605295e+01  -8.0535671e+00
   3.0681276e-01  -3.9843253e+00  -8.4823592e-01  -3.5792963e+01  -7.9462145e+00
   3.0731327e-01  -4.0094554e+00  -8.4839017e-01  -3.5982980e+01  -7.8375507e+00
   3.0781378e-01  -4.0337441e+00  -8.4740340e-01  -3.6194288e+01  -7.7218641e+00
   3.0831429e-01  -4.0519190e+00  -8.5338690e-01  -3.6405647e+01  -7.6695538e+00
   3.0881480e-01  -4.0744334e+00  -8.5363779e-01  -3.6580847e+01  -7.6695750e+00
   3.0931531e-01  -4.0972049e+00  -8.5685549e-01  -3.6821536e+01  -7.6209284e+00
   3.0981582e-01  -4.3185472e+00  -1.1159250e+00  -3.7906999e+01  -1.0480188e+01
   3.1031633e-01  -4.3441157e+00  -1.1038640e+00  -3.7856013e+01  -1.0635498e+01
   3.1081684e-01  -4.3823763e+00  -1.0771092e+00  -3.7943671e+01  -1.0675672e+01
   3.1131735e-01  -4.3917811e+00  -1.0982618e+00  -3.8027585e+01  -1.0728367e+01
   3.1181786e-01  -4.4135917e+00  -1.1124087e+00  -3.8063823e+01  -1.0807426e+01
   3.1231837e-01  -4.4428058e+00  -1.0977617e+00  -3.8162611e+01  -1.0797619e+01
   3.1281888e-01  -4.4574684e+00  -1.1024388e+00  -3.8191331e+01  -1.0881937e+01
   3.1331939e-01  -4.4695524e+00  -1.1315021e+00  -3.8270755e+01  -1.0937699e+01
   3.1381990e-01  -3.6770464e+00  -0.0000000e+00  -3.0554958e+01  -0.0000000e+00
   3.1432041e-01  -3.6955581e+00  -0.0000000e+00  -3.0576613e+01  -0.0000000e+00
   3.1482092e-01  -3.7026362e+00  -0.0000000e+00  -3.0800719e+01  -0.0000000e+00
   3.1532143e-01  -3.7263382e+00  -0.0000000e+00  -3.0950198e+01  -0.0000000e+00
   3.1582194e-01  -3.7719939e+00  -0.0000000e+00  -3.1095429e+01  -0.0000000e+00
   3.1632245e-01  -3.7812013e+00  -0.0000000e+00  -3.1210384e+01  -0.0000000e+00
   3.1682296e-01  -3.7581546e+00  -0.0000000e+00  -3.1373465e+01  -0.0000000e+00
   3.1732347e-01  -3.7906523e+00  -0.0000000e+00  -3.1581506e+01  -0.0000000e+00
   3.1782398e-01  -3.8018397e+00  -0.0000000e+00  -3.1678253e+01  -0.0000000e+00
   3.1832449e-01  -3.7996538e+00  -0.0000000e+00  -3.1758274e+01  -0.0000000e+00
   3.1882500e-01  -3.8198924e+00  -0.0000000e+00  -3.1886115e+01  -0.0000000e+00
   3.1932551e-01  -3.8420093e+00  -0.0000000e+00  -3.2023859e+01  -0.0000000e+00
   3.1982602e-01  -3.8677198e+00  -0.0000000e+00  -3.2074465e+01  -0.0000000e+00
   3.2032653e-01  -3.8964489e+00  -0.0000000e+00  -3.1976520e+01  -0.0000000e+00
   3.2082704e-01  -3.9062216e+00  -0.0000000e+00  -3.2043813e+01  -0.0000000e+00
   3.2132755e-01  -3.9401174e+00  -0.0000000e+00  -3.2059055e+01  -0.0000000e+00
   3.2182806e-01  -3.9699560e+00  -0.0000000e+00  -3.1910639e+01  -0.0000000e+00
   3.2232857e-01  -3.9684917e+00  -0.0000000e+00  -3.1909435e+01  -0.0000000e+00
   3.2282908e-01  -4.0021722e+00  -0.0000000e+00  -3.1929056e+01  -0.0000000e+00
   3.2332959e-01  -4.0122454e+00  -0.0000000e+00  -3.1706796e+01  -0.0000000e+00
   3.2383010e-01  -4.0236741e+00  -0.0000000e+00  -3.1502079e+01  -0.0000000e+00
   3.2433061e-01  -4.0520010e+00  -0.0000000e+00  -3.1439963e+01  -0.0000000e+00
   3.2483112e-01  -4.0520010e+00  -0.0000000e+00  -3.1246647e+01  -0.0000000e+00
   3.2533163e-01  -4.0599261e+00  -0.0000000e+00  -3.0993950e+01  -0.0000000e+00
   3.2583214e-01  -4.0570234e+00  -0.0000000e+00  -3.0924084e+01  -0.0000000e+00
   3.2633265e-01  -4.0667796e+00  -0.0000000e+00  -3.1000601e+01  -0.0000000e+00
   3.2683316e-01  -4.0983925e+00  -0.0000000e+00  -3.0949752e+01  -0.0000000e+00
   3.2733367e-01  -4.1048130e+00  -0.0000000e+00  -3.0790545e+01  -0.0000000e+00
   3.2783418e-01  -4.1278360e+00  -0.0000000e+00  -3.0704553e+01  -0.0000000e+00
   3.2833469e-01  -4.1372917e+00  -0.0000000e+00  -3.0640972e+01  -0.0000000e+00
   3.2883520e-01  -4.1551433e+00  -0.0000000e+00  -3.0485141e+01  -0.0000000e+00
   3.2933571e-01  -4.1835223e+00  -0.0000000e+00  -3.0504744e+01  -0.0000000e+00
   3.2983622e-01  -4.1931176e+00  -0.0000000e+00  -3.0633391e+01  -0.0000000e+00
   3.3033673e-01  -4.1986581e+00  -0.0000000e+00  -3.0636860e+01  -0.0000000e+00
   3.3083724e-01  -4.2212576e+00  -0.0000000e+00  -3.0705363e+01  -0.0000000e+00
   3.3133776e-01  -4.2445693e+00  -0.0000000e+00  -3.0756351e+01  -0.0000000e+00
   3.3183827e-01  -4.2450046e+00  -0.0000000e+00  -3.0826495e+01  -0.0000000e+00
   3.3233878e-01  -4.2376946e+00  -0.0000000e+00  -3.0839335e+01  -0.0000000e+00
   3.3283929e-01  -4.2749284e+00  -0.0000000e+00  -3.0888328e+01  -0.0000000e+00
   3.3333980e-01  -4.3084338e+00  -0.0000000e+00  -3.1030653e+01  -0.0000000e+00
   3.3384031e-01  -4.3119516e+00  -0.0000000e+00  -3.1160343e+01  -0.0000000e+00
   3.3434082e-01  -4.3303355e+00  -0.0000000e+00  -3.1227351e+01  -0.0000000e+00
   3.3484133e-01  -4.3467961e+00  -0.0000000e+00  -3.1208900e+01  -0.0000000e+00
   3.3534184e-01  -4.3595117e+00  -0.0000000e+00  -3.1272978e+01  -0.0000000e+00
   3.3584235e-01  -4.3896200e+00  -0.0000000e+00  -3.1481414e+01  -0.0000000e+00
   3.3634286e-01  -4.4044696e+00  -0.0000000e+00  -3.1742095e+01  -0.0000000e+00
   3.3684337e-01  -4.4044696e+00  -0.0000000e+00  -3.1787820e+01  -0.0000000e+00
   3.3734388e-01  -4.4112520e+00  -0.0000000e+00  -3.1886700e+01  -0.0000000e+00
   3.3784439e-01  -4.4380933e+00  -0.0000000e+00  -3.2070012e+01  -0.0000000e+00
   3.3834490e-01  -4.4809835e+00  -0.0000000e+00  -3.2188905e+01  -0.0000000e+00
   3.3884541e-01  -4.4983478e+00  -0.0000000e+00  -3.2537527e+01  -0.0000000e+00
   3.3934592e-01  -4.4929564e+00  -0.0000000e+00  -3.2769724e+01  -0.0000000e+00
   3.3984643e-01  -4.4949980e+00  -0.0000000e+00  -3.2790096e+01  -0.0000000e+00
   3.4034694e-01  -4.5109783e+00  -0.0000000e+00  -3.3016481e+01  -0.0000000e+00
   3.4084745e-01  -4.5134599e+00  -0.0000000e+00  -3.3221218e+01  -0.0000000e+00
   3.4134796e-01  -4.5272283e+00  -0.0000000e+00  -3.3407973e+01  -0.0000000e+00
   3.4184847e-01  -4.5445547e+00  -0.0000000e+00  -3.3662955e+01  -0.0000000e+00
   3.4234898e-01  -4.5712517e+00  -0.0000000e+00  -3.3909622e+01  -0.0000000e+00
   3.4284949e-01  -4.5919137e+00  -0.0000000e+00  -3.4173798e+01  -0.0000000e+00
   3.4335000e-01  -4.5987128e+00  -0.0000000e+00  -3.4387574e+01  -0.0000000e+00
   3.4385051e-01  -4.6274774e+00  -0.0000000e+00  -3.4485912e+01  -0.0000000e+00
   3.4435102e-01  -4.6406662e+00  -0.0000000e+00  -3.4625497e+01  -0.0000000e+00
   3.4485153e-01  -4.6640677e+00  -0.0000000e+00  -3.4744850e+01  -0.0000000e+00
   3.4535204e-01  -4.7076605e+00  -0.0000000e+00  -3.4734896e+01  -0.0000000e+00
   3.4585255e-01  -4.7292878e+00  -0.0000000e+00  -3.4613847e+01  -0.0000000e+00
   3.4635306e-01  -4.7515751e+00  -0.0000000e+00  -3.4494408e+01  -0.0000000e+00
   3.4685357e-01  -4.7480904e+00  -0.0000000e+00  -3.4423055e+01  -0.0000000e+00
   3.4735408e-01  -4.7465409e+00  -0.0000000e+00  -3.4262543e+01  -0.0000000e+00
   3.4785459e-01  -4.8056030e+00  -0.0000000e+00  -3.4122089e+01  -0.0000000e+00
   3.4835510e-01  -4.8481266e+00  -0.0000000e+00  -3.3980822e+01  -0.0000000e+00
   3.4885561e-01  -4.8358060e+00  -0.0000000e+00  -3.3750136e+01  -0.0000000e+00
   3.4935612e-01  -4.8491249e+00  -0.0000000e+00  -3.3736854e+01  -0.0000000e+00
   3.4985663e-01  -4.8589378e+00  -0.0000000e+00  -3.3642722e+01  -0.0000000e+00
   3.5035714e-01  -4.8593707e+00  -0.0000000e+00  -3.3344476e+01  -0.0000000e+00
   3.5085765e-01  -4.9048017e+00  -0.0000000e+00  -3.3011511e+01  -0.0000000e+00
   3.5135816e-01  -4.9233985e+00  -0.0000000e+00  -3.2799912e+01  -0.0000000e+00
   3.5185867e-01  -4.9032971e+00  -0.0000000e+00  -3.2731956e+01  -0.0000000e+00
   3.5235918e-01  -4.9155042e+00  -0.0000000e+00  -3.2753532e+01  -0.0000000e+00
   3.5285969e-01  -4.9334244e+00  -0.0000000e+00  -3.2779463e+01  -0.0000000e+00
   3.5336020e-01  -4.9368499e+00  -0.0000000e+00  -3.2814603e+01  -0.0000000e+00
   3.5386071e-01  -4.9654442e+00  -0.0000000e+00  -3.3003710e+01  -0.0000000e+00
   3.5436122e-01  -4.9978165e+00  -0.0000000e+00  -3.3061477e+01  -0.0000000e+00
   3.5486173e-01  -5.0204965e+00  -0.0000000e+00  -3.3228308e+01  -0.0000000e+00
   3.5536224e-01  -5.0337515e+00  -0.0000000e+00  -3.3412841e+01  -0.0000000e+00
   3.5586276e-01  -5.0399023e+00  -0.0000000e+00  -3.3629917e+01  -0.0000000e+00
   3.5636327e-01  -5.0640467e+00  -0.0000000e+00  -3.3996500e+01  -0.0000000e+00
   3.5686378e-01  -5.0751631e+00  -0.0000000e+00  -3.4296016e+01  -0.0000000e+00
   3.5736429e-01  -5.0655418e+00  -0.0000000e+00  -3.4696897e+01  -0.0000000e+00
   3.5786480e-01  -5.0775856e+00  -0.0000000e+00  -3.5128829e+01  -0.0000000e+00
   3.5836531e-01  -5.0955768e+00  -0.0000000e+00  -3.5494608e+01  -0.0000000e+00
   3.5886582e-01  -5.1135798e+00  -0.0000000e+00  -3.5924986e+01  -0.0000000e+00
   3.5936633e-01  -5.1326829e+00  -0.0000000e+00  -3.6237214e+01  -0.0000000e+00
   3.5986684e-01  -5.1629970e+00  -0.0000000e+00  -3.6641159e+01  -0.0000000e+00
   3.6036735e-01  -5.1948796e+00  -0.0000000e+00  -3.7146812e+01  -0.0000000e+00
   3.6086786e-01  -5.2195752e+00  -0.0000000e+00  -3.7226743e+01  -0.0000000e+00
   3.6136837e-01  -5.2817813e+00  -0.0000000e+00  -3.7539757e+01  -0.0000000e+00
   3.6186888e-01  -5.3063468e+00  -0.0000000e+00  -3.8038222e+01  -0.0000000e+00
   3.6236939e-01  -5.2868156e+00  -0.0000000e+00  -3.8172506e+01  -0.0000000e+00
   3.6286990e-01  -5.2762432e+00  -0.0000000e+00  -3.8457515e+01  -0.0000000e+00
   3.6337041e-01  -5.3011304e+00  -0.0000000e+00  -3.8698742e+01  -0.0000000e+00
   3.6387092e-01  -5.3298666e+00  -0.0000000e+00  -3.8755902e+01  -0.0000000e+00
   3.6437143e-01  -5.3541033e+00  -0.0000000e+00  -3.8889113e+01  -0.0000000e+00
   3.6487194e-01  -5.3762794e+00  -0.0000000e+00  -3.9020700e+01  -0.0000000e+00
   3.6537245e-01  -5.3992787e+00  -0.0000000e+00  -3.9136079e+01  -0.0000000e+00
   3.6587296e-01  -5.4353415e+00  -0.0000000e+00  -3.9219115e+01  -0.0000000e+00
   3.6637347e-01  -5.4349701e+00  -0.0000000e+00  -3.9271745e+01  -0.0000000e+00
   3.6687398e-01  -5.4536781e+00  -0.0000000e+00  -3.9224762e+01  -0.0000000e+00
   3.6737449e-01  -5.4710116e+00  -0.0000000e+00  -3.9053244e+01  -0.0000000e+00
   3.6787500e-01  -5.4811487e+00  -0.0000000e+00  -3.9088796e+01  -0.0000000e+00
   3.6837551e-01  -5.5096767e+00  -0.0000000e+00  -3.9144916e+01  -0.0000000e+00
   3.6887602e-01  -5.5298064e+00  -0.0000000e+00  -3.9024608e+01  -0.0000000e+00
   3.6937653e-01  -5.5559380e+00  -0.0000000e+00  -3.8904752e+01  -0.0000000e+00
   3.6987704e-01  -5.5908913e+00  -0.0000000e+00  -3.8836304e+01  -0.0000000e+00
   3.7037755e-01  -5.6167366e+00  -0.0000000e+00  -3.8826665e+01  -0.0000000e+00
   3.7087806e-01  -5.6372709e+00  -0.0000000e+00  -3.8637718e+01  -0.0000000e+00
   3.7137857e-01  -5.6322580e+00  -0.0000000e+00  -3.8576902e+01  -0.0000000e+00
   3.7187908e-01  -5.6397644e+00  -0.0000000e+00  -3.8551640e+01  -0.0000000e+00
   3.7237959e-01  -5.6814930e+00  -0.0000000e+00  -3.8365086e+01  -0.0000000e+00
   3.7288010e-01  -5.6683066e+00  -0.0000000e+00  -3.8212244e+01  -0.0000000e+00
   3.7338061e-01  -5.7037495e+00  -0.0000000e+00  -3.8063562e+01  -0.0000000e+00
   3.7388112e-01  -5.7471318e+00  -0.0000000e+00  -3.7893427e+01  -0.0000000e+00
   3.7438163e-01  -5.7319819e+00  -0.0000000e+00  -3.7523017e+01  -0.0000000e+00
   3.7488214e-01  -5.7638313e+00  -0.0000000e+00  -3.7405364e+01  -0.0000000e+00
   3.7538265e-01  -5.7858442e+00  -0.0000000e+00  -3.7402634e+01  -0.0000000e+00
   3.7588316e-01  -5.8030263e+00  -0.0000000e+00  -3.7231365e+01  -0.0000000e+00
   3.7638367e-01  -5.8232034e+00  -0.0000000e+00  -3.7127100e+01  -0.0000000e+00
   3.7688418e-01  -5.8257181e+00  -0.0000000e+00  -3.6941872e+01  -0.0000000e+00
   3.7738469e-01  -5.8600729e+00  -0.0000000e+00  -3.6663774e+01  -0.0000000e+00
   3.7788520e-01  -5.8928568e+00  -0.0000000e+00  -3.6429410e+01  -0.0000000e+00
   3.7838571e-01  -5.9106209e+00  -0.0000000e+00  -3.6121551e+01  -0.0000000e+00
   3.7888622e-01  -5.9271004e+00  -0.0000000e+00  -3.5751113e+01  -0.0000000e+00
   3.7938673e-01  -5.9197927e+00  -0.0000000e+00  -3.5459530e+01  -0.0000000e+00
   3.7988724e-01  -5.9594561e+00  -0.0000000e+00  -3.5065904e+01  -0.0000000e+00
   3.8038776e-01  -5.9954503e+00  -0.0000000e+00  -3.4742655e+01  -0.0000000e+00
   3.8088827e-01  -5.9867043e+00  -0.0000000e+00  -3.4497934e+01  -0.0000000e+00
   3.8138878e-01  -5.9987102e+00  -0.0000000e+00  -3.4102835e+01  -0.0000000e+00
   3.8188929e-01  -6.0164104e+00  -0.0000000e+00  -3.3830922e+01  -0.0000000e+00
   3.8238980e-01  -6.0373185e+00  -0.0000000e+00  -3.3493530e+01  -0.0000000e+00
   3.8289031e-01  -6.0363013e+00  -0.0000000e+00  -3.2969690e+01  -0.0000000e+00
   3.8339082e-01  -6.0732157e+00  -0.0000000e+00  -3.2761329e+01  -0.0000000e+00
   3.8389133e-01  -6.1139957e+00  -0.0000000e+00  -3.2372887e+01  -0.0000000e+00
   3.8439184e-01  -6.1139957e+00  -0.0000000e+00  -3.2048930e+01  -0.0000000e+00
   3.8489235e-01  -6.1317834e+00  -0.0000000e+00  -3.1562606e+01  -0.0000000e+00
   3.8539286e-01  -6.1495924e+00  -0.0000000e+00  -3.0844643e+01  -0.0000000e+00
   3.8589337e-01  -6.1566162e+00  -0.0000000e+00  -3.0615967e+01  -0.0000000e+00
   3.8639388e-01  -6.1447782e+00  -0.0000000e+00  -3.0114837e+01  -0.0000000e+00
   3.8689439e-01  -6.1687617e+00  -0.0000000e+00  -2.9797923e+01  -0.0000000e+00
   3.8739490e-01  -6.1929369e+00  -0.0000000e+00  -2.9649502e+01  -0.0000000e+00
   3.8789541e-01  -6.1929369e+00  -0.0000000e+00  -2.9394967e+01  -0.0000000e+00
   3.8839592e-01  -6.2403101e+00  -0.0000000e+00  -2.9257057e+01  -0.0000000e+00
   3.8889643e-01  -6.2658195e+00  -0.0000000e+00  -2.8995691e+01  -0.0000000e+00
   3.8939694e-01  -6.2658195e+00  -0.0000000e+00  -2.8697031e+01  -0.0000000e+00
   3.8989745e-01  -6.2790698e+00  -0.0000000e+00  -2.8450232e+01  -0.0000000e+00
   3.9039796e-01  -6.2790698e+00  -0.0000000e+00  -2.8078719e+01  -0.0000000e+00
   3.9089847e-01  -6.2790698e+00  -0.0000000e+00  -2.7981670e+01  -0.0000000e+00
   3.9139898e-01  -6.2790698e+00  -0.0000000e+00  -2.8041122e+01  -0.0000000e+00
   3.9189949e-01  -6.2790698e+00  -0.0000000e+00  -2.7878092e+01  -0.0000000e+00
   3.9240000e-01  -6.3019272e+00  -0.0000000e+00  -2.7826309e+01  -0.0000000e+00
   3.9290051e-01  -6.3406869e+00  -0.0000000e+00  -2.7650294e+01  -0.0000000e+00
   3.9340102e-01  -6.3565891e+00  -0.0000000e+00  -2.7570566e+01  -0.0000000e+00
   3.9390153e-01  -6.3953488e+00  -0.0000000e+00  -2.7636710e+01  -0.0000000e+00
   3.9440204e-01  -6.4190082e+00  -0.0000000e+00  -2.7667829e+01  -0.0000000e+00
   3.9490255e-01  -6.4039080e+00  -0.0000000e+00  -2.7578596e+01  -0.0000000e+00
   3.9540306e-01  -6.4577679e+00  -0.0000000e+00  -2.7359266e+01  -0.0000000e+00
   3.9590357e-01  -6.4577679e+00  -0.0000000e+00  -2.7271752e+01  -0.0000000e+00
   3.9640408e-01  -6.4577679e+00  -0.0000000e+00  -2.7137913e+01  -0.0000000e+00
   3.9690459e-01  -6.4341085e+00  -0.0000000e+00  -2.6778496e+01  -0.0000000e+00
   3.9740510e-01  -6.3882091e+00  -0.0000000e+00  -2.6406228e+01  -0.0000000e+00
   3.9790561e-01  -6.4269688e+00  -0.0000000e+00  -2.6105560e+01  -0.0000000e+00
   3.9840612e-01  -6.4341085e+00  -0.0000000e+00  -2.5679551e+01  -0.0000000e+00
   3.9890663e-01  -6.4848316e+00  -0.0000000e+00  -2.5157934e+01  -0.0000000e+00
   3.9940714e-01  -6.5235913e+00  -0.0000000e+00  -2.4613998e+01  -0.0000000e+00
   3.9990765e-01  -6.5640685e+00  -0.0000000e+00  -2.3795369e+01  -0.0000000e+00
   4.0040816e-01  -6.6112075e+00  -0.0000000e+00  -2.2900858e+01  -0.0000000e+00
   4.0090867e-01  -6.6134856e+00  -0.0000000e+00  -2.1972394e+01  -0.0000000e+00
   4.0140918e-01  -6.6051063e+00  -0.0000000e+00  -2.0700446e+01  -0.0000000e+00
   4.0190969e-01  -6.5955915e+00  -0.0000000e+00  -1.9638415e+01  -0.0000000e+00
   4.0241020e-01  -6.5796324e+00  -0.0000000e+00  -1.8652140e+01  -0.0000000e+00
   4.0291071e-01  -6.6227379e+00  -0.0000000e+00  -1.7347723e+01  -0.0000000e+00
   4.0341122e-01  -6.6774566e+00  -0.0000000e+00  -1.5994869e+01  -0.0000000e+00
   4.0391173e-01  -6.6666667e+00  -0.0000000e+00  -1.4776642e+01  -0.0000000e+00
   4.0441224e-01  -6.6656187e+00  -0.0000000e+00  -1.3572063e+01  -0.0000000e+00
   4.0491276e-01  -6.6671942e+00  -0.0000000e+00  -1.2239296e+01  -0.0000000e+00
   4.0541327e-01  -6.6821100e+00  -0.0000000e+00  -1.0880351e+01  -0.0000000e+00
   4.0591378e-01  -6.6950693e+00  -0.0000000e+00  -9.7317311e+00  -0.0000000e+00
   4.0641429e-01  -6.7136685e+00  -0.0000000e+00  -8.9793796e+00  -0.0000000e+00
   4.0691480e-01  -6.7052537e+00  -0.0000000e+00  -8.5576725e+00  -0.0000000e+00
   4.0741531e-01  -6.6727867e+00  -0.0000000e+00  -8.1443576e+00  -0.0000000e+00
   4.0791582e-01  -6.6666667e+00  -0.0000000e+00  -7.9218412e+00  -0.0000000e+00
   4.0841633e-01  -6.6836240e+00  -0.0000000e+00  -8.0760947e+00  -0.0000000e+00
   4.0891684e-01  -6.6538375e+00  -0.0000000e+00  -8.3963753e+00  -0.0000000e+00
   4.0941735e-01  -6.6108597e+00  -0.0000000e+00  -8.8023170e+00  -0.0000000e+00
   4.0991786e-01  -6.6224067e+00  -0.0000000e+00  -9.8433937e+00  -0.0000000e+00
   4.1041837e-01  -6.6211671e+00  -0.0000000e+00  -1.1403627e+01  -0.0000000e+00
   4.1091888e-01  -6.6121467e+00  -0.0000000e+00  -1.2692229e+01  -0.0000000e+00
   4.1141939e-01  -6.6121467e+00  -0.0000000e+00  -1.4344935e+01  -0.0000000e+00
   4.1191990e-01  -6.6006470e+00  -0.0000000e+00  -1.6384118e+01  -0.0000000e+00
   4.1242041e-01  -6.5981204e+00  -0.0000000e+00  -1.8677307e+01  -0.0000000e+00
   4.1292092e-01  -6.5981204e+00  -0.0000000e+00  -2.0700466e+01  -0.0000000e+00
   4.1342143e-01  -6.5789085e+00  -0.0000000e+00  -2.2838887e+01  -0.0000000e+00
   4.1392194e-01  -6.6176682e+00  -0.0000000e+00  -2.5159641e+01  -0.0000000e+00
   4.1442245e-01  -6.6708587e+00  -0.0000000e+00  -2.7718926e+01  -0.0000000e+00
   4.1492296e-01  -6.6708587e+00  -0.0000000e+00  -3.0473012e+01  -0.0000000e+00
   4.1542347e-01  -6.6666667e+00  -0.0000000e+00  -3.2576951e+01  -0.0000000e+00
   4.1592398e-01  -6.7054264e+00  -0.0000000e+00  -3.4550158e+01  -0.0000000e+00
   4.1642449e-01  -6.7441860e+00  -0.0000000e+00  -3.6192660e+01  -0.0000000e+00
   4.1692500e-01  -6.7441860e+00  -0.0000000e+00  -3.8041916e+01  -0.0000000e+00
   4.1742551e-01  -6.7441860e+00  -0.0000000e+00  -3.9512326e+01  -0.0000000e+00
   4.1792602e-01  -6.7829457e+00  -0.0000000e+00  -4.0201493e+01  -0.0000000e+00
   4.1842653e-01  -6.8604651e+00  -0.0000000e+00  -4.0975421e+01  -0.0000000e+00
   4.1892704e-01  -6.9767442e+00  -0.0000000e+00  -4.1120304e+01  -0.0000000e+00
   4.1942755e-01  -7.0155039e+00  -0.0000000e+00  -4.0471938e+01  -0.0000000e+00
   4.1992806e-01  -7.0155039e+00  -0.0000000e+00  -3.9774347e+01  -0.0000000e+00
   4.2042857e-01  -7.0930233e+00  -0.0000000e+00  -3.8946303e+01  -0.0000000e+00
   4.2092908e-01  -7.0930233e+00  -0.0000000e+00  -3.7606350e+01  -0.0000000e+00
   4.2142959e-01  -7.0542636e+00  -0.0000000e+00  -3.5717573e+01  -0.0000000e+00
   4.2193010e-01  -7.0930233e+00  -0.0000000e+00  -3.3742667e+01  -0.0000000e+00
   4.2243061e-01  -7.1705426e+00  -0.0000000e+00  -3.1602889e+01  -0.0000000e+00
   4.2293112e-01  -7.1705426e+00  -0.0000000e+00  -2.8909279e+01  -0.0000000e+00
   4.2343163e-01  -7.1705426e+00  -0.0000000e+00  -2.6067014e+01  -0.0000000e+00
   4.2393214e-01  -7.2329878e+00  -0.0000000e+00  -2.3206972e+01  -0.0000000e+00
   4.2443265e-01  -7.2801670e+00  -0.0000000e+00  -2.0170772e+01  -0.0000000e+00
   4.2493316e-01  -7.2177219e+00  -0.0000000e+00  -1.7028499e+01  -0.0000000e+00
   4.2543367e-01  -7.1705426e+00  -0.0000000e+00  -1.3959886e+01  -0.0000000e+00
   4.2593418e-01  -7.1317829e+00  -0.0000000e+00  -1.1053092e+01  -0.0000000e+00
   4.2643469e-01  -7.1535663e+00  -0.0000000e+00  -8.2035795e+00  -0.0000000e+00
   4.2693520e-01  -7.2310857e+00  -0.0000000e+00  -5.2200559e+00  -0.0000000e+00
   4.2743571e-01  -7.1705426e+00  -0.0000000e+00  -2.4827591e+00  -0.0000000e+00
   4.2793622e-01  -7.1705426e+00  -0.0000000e+00  -6.9567400e-02  -0.0000000e+00
   4.2843673e-01  -7.1468832e+00  -0.0000000e+00   2.2085110e+00  -0.0000000e+00
   4.2893724e-01  -7.1868944e+00  -0.0000000e+00   4.2830176e+00  -0.0000000e+00
   4.2943776e-01  -7.2105538e+00  -0.0000000e+00   6.0980054e+00  -0.0000000e+00
   4.2993827e-01  -7.1317829e+00  -0.0000000e+00   7.6826118e+00  -0.0000000e+00
   4.3043878e-01  -7.1779970e+00  -0.0000000e+00   9.0670356e+00  -0.0000000e+00
   4.3093929e-01  -7.1543376e+00  -0.0000000e+00   1.0207627e+01  -0.0000000e+00
   4.3143980e-01  -7.0469252e+00  -0.0000000e+00   1.1273829e+01  -0.0000000e+00
   4.3194031e-01  -7.0216618e+00  -0.0000000e+00   1.2282356e+01  -0.0000000e+00
   4.3244082e-01  -7.0476230e+00  -0.0000000e+00   1.2705186e+01  -0.0000000e+00
   4.3294133e-01  -7.0577861e+00  -0.0000000e+00   1.2886002e+01  -0.0000000e+00
   4.3344184e-01  -7.0342473e+00  -0.0000000e+00   1.3063632e+01  -0.0000000e+00
   4.3394235e-01  -7.0342473e+00  -0.0000000e+00   1.2902567e+01  -0.0000000e+00
   4.3444286e-01  -7.0542636e+00  -0.0000000e+00   1.2675873e+01  -0.0000000e+00
   4.3494337e-01  -7.0357259e+00  -0.0000000e+00   1.2571195e+01  -0.0000000e+00
   4.3544388e-01  -7.0171883e+00  -0.0000000e+00   1.2394994e+01  -0.0000000e+00
   4.3594439e-01  -7.0232232e+00  -0.0000000e+00   1.1890561e+01  -0.0000000e+00
   4.3644490e-01  -7.0140750e+00  -0.0000000e+00   1.1484763e+01  -0.0000000e+00
   4.3694541e-01  -6.9845415e+00  -0.0000000e+00   1.1048680e+01  -0.0000000e+00
   4.3744592e-01  -6.9841559e+00  -0.0000000e+00   1.0582125e+01  -0.0000000e+00
   4.3794643e-01  -7.0112835e+00  -0.0000000e+00   9.9959662e+00  -0.0000000e+00
   4.3844694e-01  -7.0135143e+00  -0.0000000e+00   9.4384008e+00  -0.0000000e+00
   4.3894745e-01  -6.9956935e+00  -0.0000000e+00   9.0288301e+00  -0.0000000e+00
   4.3944796e-01  -7.0048133e+00  -0.0000000e+00   8.7784361e+00  -0.0000000e+00
   4.3994847e-01  -7.0041745e+00  -0.0000000e+00   8.6972116e+00  -0.0000000e+00
   4.4044898e-01  -6.9881658e+00  -0.0000000e+00   8.2789883e+00  -0.0000000e+00
   4.4094949e-01  -7.0011015e+00  -0.0000000e+00   8.0423091e+00  -0.0000000e+00
   4.4145000e-01  -7.0133203e+00  -0.0000000e+00   7.8439811e+00  -0.0000000e+00
   4.4195051e-01  -6.9937654e+00  -0.0000000e+00   7.9318223e+00  -0.0000000e+00
   4.4245102e-01  -6.9726515e+00  -0.0000000e+00   7.9657933e+00  -0.0000000e+00
   4.4295153e-01  -6.9843026e+00  -0.0000000e+00   7.6422970e+00  -0.0000000e+00
   4.4345204e-01  -6.9791454e+00  -0.0000000e+00   7.7821076e+00  -0.0000000e+00
   4.4395255e-01  -6.9547644e+00  -0.0000000e+00   7.7597557e+00  -0.0000000e+00
   4.4445306e-01  -6.9614807e+00  -0.0000000e+00   7.6079859e+00  -0.0000000e+00
   4.4495357e-01  -6.9570189e+00  -0.0000000e+00   7.7312079e+00  -0.0000000e+00
   4.4545408e-01  -6.9711517e+00  -0.0000000e+00   7.8920035e+00  -0.0000000e+00
   4.4595459e-01  -6.9711517e+00  -0.0000000e+00   8.0678084e+00  -0.0000000e+00
   4.4645510e-01  -6.9399054e+00  -0.0000000e+00   8.1826154e+00  -0.0000000e+00
   4.4695561e-01  -6.9234662e+00  -0.0000000e+00   8.3649767e+00  -0.0000000e+00
   4.4745612e-01  -6.9299931e+00  -0.0000000e+00   8.5985488e+00  -0.0000000e+00
   4.4795663e-01  -6.9397611e+00  -0.0000000e+00   8.6971031e+00  -0.0000000e+00
   4.4845714e-01  -6.9211856e+00  -0.0000000e+00   8.8004706e+00  -0.0000000e+00
   4.4895765e-01  -6.9503784e+00  -0.0000000e+00   9.0013865e+00  -0.0000000e+00
   4.4945816e-01  -6.9622637e+00  -0.0000000e+00   9.1027868e+00  -0.0000000e+00
   4.4995867e-01  -6.9284838e+00  -0.0000000e+00   9.1813128e+00  -0.0000000e+00
   4.5045918e-01  -6.9217226e+00  -0.0000000e+00   9.3992215e+00  -0.0000000e+00
   4.5095969e-01  -6.9027473e+00  -0.0000000e+00   9.6742099e+00  -0.0000000e+00
   4.5146020e-01  -6.9024398e+00  -0.0000000e+00   9.8855716e+00  -0.0000000e+00
   4.5196071e-01  -6.9026432e+00  -0.0000000e+00   9.9458118e+00  -0.0000000e+00
   4.5246122e-01  -6.8905190e+00  -0.0000000e+00   1.0015762e+01  -0.0000000e+00
   4.5296173e-01  -6.8971501e+00  -0.0000000e+00   1.0124464e+01  -0.0000000e+00
   4.5346224e-01  -6.8875808e+00  -0.0000000e+00   1.0156876e+01  -0.0000000e+00
   4.5396276e-01  -6.8667319e+00  -0.0000000e+00   1.0310167e+01  -0.0000000e+00
   4.5446327e-01  -6.8539145e+00  -0.0000000e+00   1.0428159e+01  -0.0000000e+00
   4.5496378e-01  -6.8654165e+00  -0.0000000e+00   1.0338927e+01  -0.0000000e+00
   4.5546429e-01  -6.8665071e+00  -0.0000000e+00   1.0309386e+01  -0.0000000e+00
   4.5596480e-01  -6.8578818e+00  -0.0000000e+00   1.0414517e+01  -0.0000000e+00
   4.5646531e-01  -6.8367631e+00  -0.0000000e+00   1.0486765e+01  -0.0000000e+00
   4.5696582e-01  -6.8283814e+00  -0.0000000e+00   1.0451577e+01  -0.0000000e+00
   4.5746633e-01  -6.8484095e+00  -0.0000000e+00   1.0414877e+01  -0.0000000e+00
   4.5796684e-01  -6.8458876e+00  -0.0000000e+00   1.0328757e+01  -0.0000000e+00
   4.5846735e-01  -6.8344826e+00  -0.0000000e+00   1.0402617e+01  -0.0000000e+00
   4.5896786e-01  -6.8276575e+00  -0.0000000e+00   1.0382288e+01  -0.0000000e+00
   4.5946837e-01  -6.8217054e+00  -0.0000000e+00   1.0178384e+01  -0.0000000e+00
   4.5996888e-01  -6.8190345e+00  -0.0000000e+00   1.0027495e+01  -0.0000000e+00
   4.6046939e-01  -6.8172035e+00  -0.0000000e+00   9.9182497e+00  -0.0000000e+00
   4.6096990e-01  -6.8094227e+00  -0.0000000e+00   9.9422225e+00  -0.0000000e+00
   4.6147041e-01  -6.8121101e+00  -0.0000000e+00   9.7735310e+00  -0.0000000e+00
   4.6197092e-01  -6.8046440e+00  -0.0000000e+00   9.7013063e+00  -0.0000000e+00
   4.6247143e-01  -6.7858697e+00  -0.0000000e+00   9.6228144e+00  -0.0000000e+00
   4.6297194e-01  -6.7707766e+00  -0.0000000e+00   9.2816731e+00  -0.0000000e+00
   4.6347245e-01  -6.7499347e+00  -0.0000000e+00   9.0900581e+00  -0.0000000e+00
   4.6397296e-01  -6.7519385e+00  -0.0000000e+00   8.8614744e+00  -0.0000000e+00
   4.6447347e-01  -6.7674859e+00  -0.0000000e+00   8.6094265e+00  -0.0000000e+00
   4.6497398e-01  -6.7597335e+00  -0.0000000e+00   8.3514510e+00  -0.0000000e+00
   4.6547449e-01  -6.7575736e+00  -0.0000000e+00   8.0930104e+00  -0.0000000e+00
   4.6597500e-01  -6.7453381e+00  -0.0000000e+00   7.8158540e+00  -0.0000000e+00
   4.6647551e-01  -6.7376189e+00  -0.0000000e+00   7.5910431e+00  -0.0000000e+00
   4.6697602e-01  -6.7534620e+00  -0.0000000e+00   7.3575390e+00  -0.0000000e+00
   4.6747653e-01  -6.7514014e+00  -0.0000000e+00   7.0033435e+00  -0.0000000e+00
   4.6797704e-01  -6.7392559e+00  -0.0000000e+00   6.8308936e+00  -0.0000000e+00
   4.6847755e-01  -6.7213972e+00  -0.0000000e+00   6.6499979e+00  -0.0000000e+00
   4.6897806e-01  -6.7176996e+00  -0.0000000e+00   6.4597617e+00  -0.0000000e+00
   4.6947857e-01  -6.7350568e+00  -0.0000000e+00   6.2515941e+00  -0.0000000e+00
   4.6997908e-01  -6.7479026e+00  -0.0000000e+00   6.0095187e+00  -0.0000000e+00
   4.7047959e-01  -6.7301953e+00  -0.0000000e+00   5.9642955e+00  -0.0000000e+00
   4.7098010e-01  -6.7225375e+00  -0.0000000e+00   5.8857000e+00  -0.0000000e+00
   4.7148061e-01  -6.7345789e+00  -0.0000000e+00   5.8105421e+00  -0.0000000e+00
   4.7198112e-01  -6.7412810e+00  -0.0000000e+00   5.7517514e+00  -0.0000000e+00
   4.7248163e-01  -6.7474484e+00  -0.0000000e+00   5.7340827e+00  -0.0000000e+00
   4.7298214e-01  -6.7166469e+00  -0.0000000e+00   5.7048632e+00  -0.0000000e+00
   4.7348265e-01  -6.7104795e+00  -0.0000000e+00   5.6235746e+00  -0.0000000e+00
   4.7398316e-01  -6.7104795e+00  -0.0000000e+00   5.5469737e+00  -0.0000000e+00
   4.7448367e-01  -6.6911564e+00  -0.0000000e+00   5.6689203e+00  -0.0000000e+00
   4.7498418e-01  -6.7004205e+00  -0.0000000e+00   5.8570150e+00  -0.0000000e+00
   4.7548469e-01  -6.6918851e+00  -0.0000000e+00   5.9161600e+00  -0.0000000e+00
   4.7598520e-01  -6.6826210e+00  -0.0000000e+00   5.9850292e+00  -0.0000000e+00
   4.7648571e-01  -6.6911564e+00  -0.0000000e+00   6.0148013e+00  -0.0000000e+00
   4.7698622e-01  -6.6959943e+00  -0.0000000e+00   6.1759558e+00  -0.0000000e+00
   4.7748673e-01  -6.6895927e+00  -0.0000000e+00   6.4376097e+00  -0.0000000e+00
   4.7798724e-01  -6.7002691e+00  -0.0000000e+00   6.5250157e+00  -0.0000000e+00
   4.7848776e-01  -6.6848991e+00  -0.0000000e+00   6.7775807e+00  -0.0000000e+00
   4.7898827e-01  -6.6696948e+00  -0.0000000e+00   6.9774721e+00  -0.0000000e+00
   4.7948878e-01  -6.6939172e+00  -0.0000000e+00   7.2159611e+00  -0.0000000e+00
   4.7998929e-01  -6.6901628e+00  -0.0000000e+00   7.5398863e+00  -0.0000000e+00
   4.8048980e-01  -6.6823797e+00  -0.0000000e+00   7.8160444e+00  -0.0000000e+00
   4.8099031e-01  -6.6747479e+00  -0.0000000e+00   8.0765341e+00  -0.0000000e+00
   4.8149082e-01  -6.6694819e+00  -0.0000000e+00   8.3356399e+00  -0.0000000e+00
   4.8199133e-01  -6.6867491e+00  -0.0000000e+00   8.6474304e+00  -0.0000000e+00
   4.8249184e-01  -6.6770072e+00  -0.0000000e+00   9.0168032e+00  -0.0000000e+00
   4.8299235e-01  -6.6619495e+00  -0.0000000e+00   9.3528560e+00  -0.0000000e+00
   4.8349286e-01  -6.6470928e+00  -0.0000000e+00   9.5798205e+00  -0.0000000e+00
   4.8399337e-01  -6.6391559e+00  -0.0000000e+00   9.8339551e+00  -0.0000000e+00
   4.8449388e-01  -6.6279117e+00  -0.0000000e+00   1.0133027e+01  -0.0000000e+00
   4.8499439e-01  -6.6270151e+00  -0.0000000e+00   1.0384514e+01  -0.0000000e+00
   4.8549490e-01  -6.6408143e+00  -0.0000000e+00   1.0605911e+01  -0.0000000e+00
   4.8599541e-01  -6.6484058e+00  -0.0000000e+00   1.0676348e+01  -0.0000000e+00
   4.8649592e-01  -6.6184891e+00  -0.0000000e+00   1.0822386e+01  -0.0000000e+00
   4.8699643e-01  -6.5753032e+00  -0.0000000e+00   1.0962902e+01  -0.0000000e+00
   4.8749694e-01  -6.5675602e+00  -0.0000000e+00   1.1001021e+01  -0.0000000e+00
   4.8799745e-01  -6.5680499e+00  -0.0000000e+00   1.1130083e+01  -0.0000000e+00
   4.8849796e-01  -6.5792421e+00  -0.0000000e+00   1.1150729e+01  -0.0000000e+00
   4.8899847e-01  -6.5787524e+00  -0.0000000e+00   1.1145133e+01  -0.0000000e+00
   4.8949898e-01  -6.5667204e+00  -0.0000000e+00   1.1199327e+01  -0.0000000e+00
   4.8999949e-01  -6.5828048e+00  -0.0000000e+00   1.1206117e+01  -0.0000000e+00
   4.9050000e-01  -6.5666353e+00  -0.0000000e+00   1.1130275e+01  -0.0000000e+00
