   0.0000000e+00   7.4527719e+01   7.0143089e-02  -2.5683862e+16   5.1367725e+16
   5.0051020e-04   7.4515887e+01   9.4380348e-02  -1.9087662e+16   3.8175323e+16
   1.0010204e-03   7.4504442e+01   9.7607206e-02  -1.3403699e+16   2.6807398e+16
   1.5015306e-03   7.4492071e+01   9.8374231e-02  -8.8294263e+15   1.7658853e+16
   2.0020408e-03   7.4471348e+01   1.4478958e-01  -5.4161962e+15   1.0832392e+16
   2.5025510e-03   7.4475110e+01   1.4273410e-01  -3.0707662e+15   6.1415324e+15
   3.0030612e-03   7.4506456e+01   9.5281137e-02  -1.5970520e+15   3.1941041e+15
   3.5035714e-03   7.4540043e+01   3.6883848e-02  -7.5652947e+14   1.5130589e+15
   4.0040816e-03   7.4538616e+01   1.7890750e-02   1.1972354e+01   2.5475320e+01
   4.5045918e-03   7.4512301e+01   4.9567007e-02   1.1628765e+01   2.4100938e+01
   5.0051020e-03   7.4528040e+01   3.8963149e-02   1.0128090e+01   2.0398087e+01
   5.5056122e-03   7.4545786e+01   1.4850235e-02   7.4371047e+00   1.4768583e+01
   6.0061224e-03   7.4551225e+01   2.8653654e-02   4.0841498e+00   8.3918434e+00
   6.5066327e-03   7.4552662e+01   1.3218463e-02   1.0825798e-01   1.9807819e+00
   7.0071429e-03   7.4552812e+01   1.6928680e-02  -4.5534676e+00   5.9034942e+00
   7.5076531e-03   7.4546591e+01   1.8247234e-02  -8.4618594e+00   1.1769803e+01
   8.0081633e-03   7.4528638e+01   3.5841613e-02  -1.1129799e+01   1.5916616e+01
   8.5086735e-03   7.4517180e+01   3.3713206e-02  -1.2325528e+01   1.8128097e+01
   9.0091837e-03   7.4492177e+01   6.4918282e-02  -1.2379297e+01   1.9335528e+01
   9.5096939e-03   7.4491286e+01   8.7237292e-02  -1.1556832e+01   1.9628822e+01
   1.0010204e-02   7.4512994e+01   7.0654183e-02  -1.0230852e+01   1.8498170e+01
   1.0510714e-02   7.4502453e+01   6.6711785e-02  -9.2865208e+00   1.6484857e+01
   1.1011224e-02   7.4507525e+01   8.5620357e-02  -8.5368003e+00   1.3808400e+01
   1.1511735e-02   7.4490145e+01   1.1703425e-01  -7.6861822e+00   9.3312042e+00
   1.2012245e-02   7.4471601e+01   1.2275613e-01  -6.5405445e+00   4.6297053e+00
   1.2512755e-02   7.4476073e+01   1.2032458e-01  -4.6796971e+00   7.1735815e+00
   1.3013265e-02   7.4470552e+01   1.2246280e-01  -2.1821562e+00   1.4393284e+01
   1.3513776e-02   7.4480053e+01   7.2621986e-02   3.2632857e-01   2.1323731e+01
   1.4014286e-02   7.4480440e+01   5.6549010e-02   2.3372918e+00   2.5621314e+01
   1.4514796e-02   7.4491783e+01   6.0456007e-02   3.5709595e+00   2.6578637e+01
   1.5015306e-02   7.4497984e+01   3.2851303e-02   3.9302489e+00   2.5592301e+01
   1.5515816e-02   7.4483628e+01   3.3028574e-02   3.6327597e+00   2.2317439e+01
   1.6016327e-02   7.4488569e+01   4.9492154e-02   2.0992073e+00   1.6794450e+01
   1.6516837e-02   7.4495011e+01   4.8335967e-02  -8.1577352e-01   9.6812817e+00
   1.7017347e-02   7.4511274e+01   5.9924066e-02  -4.5805675e+00   2.6579134e+00
   1.7517857e-02   7.4513613e+01   5.7505529e-02  -9.1616013e+00   8.9169200e+00
   1.8018367e-02   7.4478831e+01   3.5670297e-02  -1.3530530e+01   1.6838982e+01
   1.8518878e-02   7.4472101e+01   2.4136396e-02  -1.7073940e+01   2.2703441e+01
   1.9019388e-02   7.4467196e+01   5.2478504e-02  -1.9334677e+01   2.6140874e+01
   1.9519898e-02   7.4446250e+01   8.4907121e-02  -1.9669846e+01   2.6378642e+01
   2.0020408e-02   7.4424477e+01   8.8746224e-02  -1.7845904e+01   2.3183656e+01
   2.0520918e-02   7.4412765e+01   1.0651878e-01  -1.4374008e+01   1.7789463e+01
   2.1021429e-02   7.4409343e+01   9.9439451e-02  -1.0374145e+01   1.2165238e+01
   2.1521939e-02   7.4419589e+01   9.3068024e-02  -6.0060965e+00   5.7004993e+00
   2.2022449e-02   7.4435172e+01   9.6682291e-02  -1.7821306e+00   3.1413091e+00
   2.2522959e-02   7.4419319e+01   1.0328163e-01   1.0707970e+00   8.1162638e+00
   2.3023469e-02   7.4402383e+01   1.3348176e-01   2.8618768e+00   1.3536417e+01
   2.3523980e-02   7.4430354e+01   8.1560889e-02   3.8947942e+00   1.7874896e+01
   2.4024490e-02   7.4449373e+01   3.4054000e-02   3.5729853e+00   1.9848944e+01
   2.4525000e-02   7.4437352e+01   4.1703782e-02   1.9423961e+00   1.9168107e+01
   2.5025510e-02   7.4435922e+01   3.8890799e-02  -4.4839327e-01   1.6590180e+01
   2.5526020e-02   7.4438859e+01   4.0477972e-02  -3.2746118e+00   1.3329214e+01
   2.6026531e-02   7.4428988e+01   4.3748925e-02  -6.2631088e+00   9.7130034e+00
   2.6527041e-02   7.4418578e+01   2.7047453e-02  -9.0231461e+00   7.0253987e+00
   2.7027551e-02   7.4427439e+01   3.6552882e-02  -1.1799205e+01   7.7158449e+00
   2.7528061e-02   7.4418806e+01   5.6759760e-02  -1.4919086e+01   1.2577461e+01
   2.8028571e-02   7.4400804e+01   4.8567189e-02  -1.7640343e+01   1.7796115e+01
   2.8529082e-02   7.4392594e+01   8.1933436e-02  -2.0005075e+01   2.1832296e+01
   2.9029592e-02   7.4387030e+01   7.7152555e-02  -2.2387171e+01   2.5164318e+01
   2.9530102e-02   7.4371705e+01   7.6217902e-02  -2.3972933e+01   2.5483591e+01
   3.0030612e-02   7.4349760e+01   9.3187882e-02  -2.4594954e+01   2.3287430e+01
   3.0531122e-02   7.4335922e+01   1.3534533e-01  -2.4618320e+01   2.0435928e+01
   3.1031633e-02   7.4325299e+01   1.4626955e-01  -2.3538802e+01   1.6746946e+01
   3.1532143e-02   7.4319118e+01   1.1199461e-01  -2.1857311e+01   1.3192576e+01
   3.2032653e-02   7.4302693e+01   1.1436627e-01  -1.9624228e+01   1.1177322e+01
   3.2533163e-02   7.4279993e+01   1.5837583e-01  -1.7066230e+01   1.1285612e+01
   3.3033673e-02   7.4286331e+01   1.3614868e-01  -1.4888558e+01   1.2792995e+01
   3.3534184e-02   7.4293201e+01   1.1360525e-01  -1.3111466e+01   1.5222807e+01
   3.4034694e-02   7.4278363e+01   1.3402006e-01  -1.2284278e+01   1.6924219e+01
   3.4535204e-02   7.4292582e+01   1.1498606e-01  -1.2311293e+01   1.8107614e+01
   3.5035714e-02   7.4265643e+01   1.1631444e-01  -1.3067693e+01   1.7770209e+01
   3.5536224e-02   7.4247988e+01   1.2533776e-01  -1.4266919e+01   1.5455228e+01
   3.6036735e-02   7.4257084e+01   1.1714068e-01  -1.5969637e+01   1.2420801e+01
   3.6537245e-02   7.4249912e+01   1.0463537e-01  -1.8328697e+01   8.5970336e+00
   3.7037755e-02   7.4250267e+01   9.4384618e-02  -2.1374057e+01   6.9515966e+00
   3.7538265e-02   7.4233076e+01   1.0210867e-01  -2.4738647e+01   1.0590747e+01
   3.8038776e-02   7.4217725e+01   1.0891724e-01  -2.7992326e+01   1.6163640e+01
   3.8539286e-02   7.4192306e+01   1.2133020e-01  -3.0851629e+01   2.1181521e+01
   3.9039796e-02   7.4173436e+01   1.3608398e-01  -3.2446049e+01   2.4725881e+01
   3.9540306e-02   7.4148788e+01   1.6009685e-01  -3.3227269e+01   2.6409244e+01
   4.0040816e-02   7.4128962e+01   1.8712798e-01  -3.3503464e+01   2.5834182e+01
   4.0541327e-02   7.4130471e+01   1.7237327e-01  -3.3304933e+01   2.3694069e+01
   4.1041837e-02   7.4121381e+01   1.7582360e-01  -3.3149634e+01   2.1312633e+01
   4.1542347e-02   7.4093656e+01   2.1030525e-01  -3.3140271e+01   1.9620643e+01
   4.2042857e-02   7.4074408e+01   2.0401579e-01  -3.2863554e+01   1.8621538e+01
   4.2543367e-02   7.4047148e+01   2.1754052e-01  -3.2313868e+01   1.8487449e+01
   4.3043878e-02   7.4032388e+01   2.2876958e-01  -3.1750352e+01   1.8518528e+01
   4.3544388e-02   7.4026427e+01   2.2472711e-01  -3.1400366e+01   1.8569220e+01
   4.4044898e-02   7.4018157e+01   2.2425332e-01  -3.1833857e+01   1.8272325e+01
   4.4545408e-02   7.4010477e+01   2.1389823e-01  -3.3103396e+01   1.6920635e+01
   4.5045918e-02   7.3977924e+01   2.2527964e-01  -3.6058884e+01   1.4581288e+01
   4.5546429e-02   7.3966073e+01   2.1662468e-01  -4.0581597e+01   1.1594449e+01
   4.6046939e-02   7.3945880e+01   2.1628536e-01  -4.6353628e+01   8.0593408e+00
   4.6547449e-02   7.3922825e+01   2.3679720e-01  -5.4051814e+01   5.4310132e+00
   4.7047959e-02   7.3896801e+01   2.4911147e-01  -6.3372030e+01   9.8544053e+00
   4.7548469e-02   7.3867225e+01   2.6337002e-01  -7.3337120e+01   1.8977147e+01
   4.8048980e-02   7.3853759e+01   2.6909556e-01  -8.2814220e+01   2.8822455e+01
   4.8549490e-02   7.3772484e+01   1.9882745e-01  -9.0494509e+01   3.6283673e+01
   4.9050000e-02   7.3681332e+01   1.1775685e-01  -9.4744439e+01   3.9355331e+01
   4.9550510e-02   7.3640800e+01   1.2898126e-01  -9.4793540e+01   3.7518631e+01
   5.0051020e-02   7.3575275e+01   1.7092286e-01  -9.0881639e+01   3.1281547e+01
   5.0551531e-02   7.3531037e+01   1.5973877e-01  -8.4659041e+01   2.2215270e+01
   5.1052041e-02   7.3517934e+01   1.4076364e-01  -7.8229279e+01   1.3283128e+01
   5.1552551e-02   7.3502659e+01   1.4467524e-01  -7.2966913e+01   8.5367497e+00
   5.2053061e-02   7.3464898e+01   1.3518552e-01  -6.9527380e+01   1.2185300e+01
   5.2553571e-02   7.3414860e+01   1.4632035e-01  -6.7924206e+01   1.7700423e+01
   5.3054082e-02   7.3396424e+01   1.4123745e-01  -6.8417594e+01   2.1712617e+01
   5.3554592e-02   7.3375074e+01   1.3375351e-01  -7.0675919e+01   2.3408194e+01
   5.4055102e-02   7.3337762e+01   1.3089067e-01  -7.3410649e+01   2.3619573e+01
   5.4555612e-02   7.3275300e+01   1.4492204e-01  -7.6246693e+01   2.2069244e+01
   5.5056122e-02   7.3222998e+01   1.4958498e-01  -7.9155980e+01   1.9261827e+01
   5.5556633e-02   7.3208067e+01   1.4257064e-01  -8.2100063e+01   1.5182232e+01
   5.6057143e-02   7.3170412e+01   1.3683752e-01  -8.5392714e+01   1.0749961e+01
   5.6557653e-02   7.3130032e+01   1.2552909e-01  -8.9658209e+01   9.2864314e+00
   5.7058163e-02   7.3085666e+01   1.3388438e-01  -9.4904041e+01   1.3291525e+01
   5.7558673e-02   7.3017321e+01   1.6064098e-01  -1.0034039e+02   1.9445915e+01
   5.8059184e-02   7.2970100e+01   1.6536981e-01  -1.0546864e+02   2.5752076e+01
   5.8559694e-02   7.2921114e+01   1.7170587e-01  -1.0983239e+02   3.0957121e+01
   5.9060204e-02   7.2861236e+01   1.9150417e-01  -1.1323752e+02   3.4873884e+01
   5.9560714e-02   7.2795609e+01   2.2889071e-01  -1.1546391e+02   3.6821285e+01
   6.0061224e-02   7.2719402e+01   2.4892010e-01  -1.1630661e+02   3.6388775e+01
   6.0561735e-02   7.2661973e+01   2.4961606e-01  -1.1603435e+02   3.4178855e+01
   6.1062245e-02   7.2613261e+01   2.6016131e-01  -1.1546364e+02   3.1813732e+01
   6.1562755e-02   7.2564867e+01   2.8302668e-01  -1.1513221e+02   3.0978450e+01
   6.2063265e-02   7.2510987e+01   2.9952572e-01  -1.1568911e+02   3.1795876e+01
   6.2563776e-02   7.2458309e+01   3.1256702e-01  -1.1697020e+02   3.3137092e+01
   6.3064286e-02   7.2403451e+01   3.2265615e-01  -1.1874383e+02   3.3734897e+01
   6.3564796e-02   7.2318287e+01   3.3995421e-01  -1.2096236e+02   3.2890640e+01
   6.4065306e-02   7.2254341e+01   3.3834097e-01  -1.2269522e+02   3.1295145e+01
   6.4565816e-02   7.2193108e+01   3.5144229e-01  -1.2478158e+02   2.9059367e+01
   6.5066327e-02   7.2136872e+01   3.6474214e-01  -1.2892698e+02   2.5054229e+01
   6.5566837e-02   7.2096373e+01   3.5865142e-01  -1.3530770e+02   1.9295604e+01
   6.6067347e-02   7.2041692e+01   3.7906159e-01  -1.4383775e+02   1.2449524e+01
   6.6567857e-02   7.1959194e+01   3.9848162e-01  -1.5459844e+02   4.1250195e+00
   6.7068367e-02   7.1844719e+01   4.2268583e-01  -1.6692020e+02   9.2206445e+00
   6.7568878e-02   7.1772438e+01   4.1933666e-01  -1.7914896e+02   2.0440138e+01
   6.8069388e-02   7.1704499e+01   3.9663806e-01  -1.9016390e+02   2.9736998e+01
   6.8569898e-02   7.1562404e+01   3.2478796e-01  -1.9891362e+02   3.4385763e+01
   6.9070408e-02   7.1430711e+01   2.3606619e-01  -2.0431278e+02   3.2594806e+01
   6.9570918e-02   7.1339133e+01   2.4782052e-01  -2.0633143e+02   2.4360447e+01
   7.0071429e-02   7.1243884e+01   2.4912601e-01  -2.0469030e+02   1.3248940e+01
   7.0571939e-02   7.1126178e+01   2.4439942e-01  -1.9988362e+02   1.1822963e+01
   7.1072449e-02   7.1015353e+01   2.8740519e-01  -1.9352234e+02   2.3558213e+01
   7.1572959e-02   7.0935277e+01   3.1841126e-01  -1.8661567e+02   3.4917493e+01
   7.2073469e-02   7.0844375e+01   3.5538363e-01  -1.7982894e+02   4.3471602e+01
   7.2573980e-02   7.0771285e+01   3.7544458e-01  -1.7400621e+02   5.0171784e+01
   7.3074490e-02   7.0691272e+01   3.9597765e-01  -1.7044436e+02   5.5337695e+01
   7.3575000e-02   7.0616556e+01   4.1904621e-01  -1.6976253e+02   5.9160885e+01
   7.4075510e-02   7.0545975e+01   4.3966606e-01  -1.7105410e+02   6.3305329e+01
   7.4576020e-02   7.0432778e+01   4.9007574e-01  -1.7397019e+02   6.7010523e+01
   7.5076531e-02   7.0350134e+01   5.2218055e-01  -1.7876435e+02   6.9560402e+01
   7.5577041e-02   7.0272152e+01   5.4823231e-01  -1.8461709e+02   7.1054328e+01
   7.6077551e-02   7.0169348e+01   5.9035730e-01  -1.9102719e+02   7.1786114e+01
   7.6578061e-02   7.0083534e+01   6.2037799e-01  -1.9816924e+02   7.3066736e+01
   7.7078571e-02   6.9977431e+01   6.5384875e-01  -2.0554607e+02   7.5270650e+01
   7.7579082e-02   6.9869181e+01   6.9621574e-01  -2.1244562e+02   7.8379741e+01
   7.8079592e-02   6.9751462e+01   7.3465156e-01  -2.1816074e+02   8.1542011e+01
   7.8580102e-02   6.9612359e+01   7.9284015e-01  -2.2273314e+02   8.3827180e+01
   7.9080612e-02   6.9510989e+01   8.3064336e-01  -2.2674184e+02   8.5399815e+01
   7.9581122e-02   6.9414537e+01   8.5869957e-01  -2.3040063e+02   8.6327218e+01
   8.0081633e-02   6.9307346e+01   8.9643352e-01  -2.3393094e+02   8.6787614e+01
   8.0582143e-02   6.9174565e+01   9.4787824e-01  -2.3759088e+02   8.7156925e+01
   8.1082653e-02   6.9048388e+01   9.9565761e-01  -2.4104424e+02   8.7077011e+01
   8.1583163e-02   6.8935183e+01   1.0369421e+00  -2.4365155e+02   8.6219643e+01
   8.2083673e-02   6.8790731e+01   1.0912617e+00  -2.4536620e+02   8.4894766e+01
   8.2584184e-02   6.8667474e+01   1.1285226e+00  -2.4609132e+02   8.3219048e+01
   8.3084694e-02   6.8546817e+01   1.1663984e+00  -2.4646159e+02   8.1859378e+01
   8.3585204e-02   6.8426858e+01   1.2085047e+00  -2.4730708e+02   8.1129103e+01
   8.4085714e-02   6.8321607e+01   1.2390650e+00  -2.4872357e+02   8.0663914e+01
   8.4586224e-02   6.8190401e+01   1.2777767e+00  -2.5122328e+02   8.0734452e+01
   8.5086735e-02   6.8070658e+01   1.3091102e+00  -2.5555649e+02   8.1441351e+01
   8.5587245e-02   6.7930318e+01   1.3552711e+00  -2.6091743e+02   8.2645509e+01
   8.6087755e-02   6.7789823e+01   1.4036255e+00  -2.6685141e+02   8.4536367e+01
   8.6588265e-02   6.7674781e+01   1.4326842e+00  -2.7377983e+02   8.7181886e+01
   8.7088776e-02   6.7527040e+01   1.4819009e+00  -2.8114279e+02   9.0278228e+01
   8.7589286e-02   6.7392090e+01   1.5294412e+00  -2.8871160e+02   9.3687247e+01
   8.8089796e-02   6.7245123e+01   1.5803492e+00  -2.9602404e+02   9.7143165e+01
   8.8590306e-02   6.7065660e+01   1.6392163e+00  -3.0246837e+02   1.0002430e+02
   8.9090816e-02   6.6911840e+01   1.6852780e+00  -3.0798182e+02   1.0212217e+02
   8.9591327e-02   6.6759757e+01   1.7336491e+00  -3.1244143e+02   1.0323379e+02
   9.0091837e-02   6.6606801e+01   1.7810760e+00  -3.1604362e+02   1.0354496e+02
   9.0592347e-02   6.6453618e+01   1.8315982e+00  -3.1909066e+02   1.0336928e+02
   9.1092857e-02   6.6289209e+01   1.8873819e+00  -3.3059620e+02   8.5150651e+01
   9.1593367e-02   6.6123897e+01   1.9399842e+00  -3.5065011e+02   4.7110857e+01
   9.2093878e-02   6.5943674e+01   1.9988084e+00  -3.7634754e+02   1.1474615e+01
   9.2594388e-02   6.5778711e+01   2.0493518e+00  -4.1398128e+02   8.7020692e+01
   9.3094898e-02   6.5614508e+01   2.0957271e+00  -4.6299410e+02   1.8996726e+02
   9.3595408e-02   6.5473157e+01   2.1308897e+00  -5.1829530e+02   3.0341058e+02
   9.4095918e-02   6.5337807e+01   2.1684397e+00  -5.6919470e+02   4.0528813e+02
   9.4596429e-02   6.4645742e+01   1.2384430e+00  -6.0343923e+02   4.7115371e+02
   9.5096939e-02   6.3979461e+01   3.2466851e-01  -6.1343217e+02   4.8398459e+02
   9.5597449e-02   6.3799739e+01   3.3186114e-01  -5.9890458e+02   4.4206906e+02
   9.6097959e-02   6.3603355e+01   3.2542964e-01  -5.6619333e+02   3.6022037e+02
   9.6598469e-02   6.3429334e+01   3.6872730e-01  -5.2711155e+02   2.6154970e+02
   9.7098980e-02   6.3204297e+01   3.7256699e-01  -4.9192119e+02   1.6801307e+02
   9.7599490e-02   6.2984994e+01   3.6069457e-01  -4.6654353e+02   9.3595658e+01
   9.8100000e-02   6.2799679e+01   3.6693249e-01  -4.5254204e+02   4.3015741e+01
   9.8600510e-02   6.2575953e+01   3.5681523e-01  -4.4302379e+02   1.4940602e+01
   9.9101020e-02   6.2316530e+01   3.3580145e-01  -4.4106947e+02   2.5658782e+01
   9.9601531e-02   6.2092293e+01   3.5161827e-01  -4.4598747e+02   2.7862722e+01
   1.0010204e-01   6.1876420e+01   3.5926194e-01  -4.4931029e+02   2.5925658e+01
   1.0060255e-01   6.1662761e+01   3.5068909e-01  -4.5204738e+02   2.2282016e+01
   1.0110306e-01   6.1462668e+01   3.5942346e-01  -4.5361088e+02   1.6739360e+01
   1.0160357e-01   6.1205762e+01   3.6161630e-01  -4.5427417e+02   1.1116777e+01
   1.0210408e-01   6.0938248e+01   3.7166336e-01  -4.5433874e+02   1.2225099e+01
   1.0260459e-01   6.0715924e+01   3.7552861e-01  -4.5299002e+02   2.1809225e+01
   1.0310510e-01   6.0506688e+01   3.7216103e-01  -4.5155525e+02   3.3819102e+01
   1.0360561e-01   6.0308777e+01   3.9356332e-01  -4.5212266e+02   4.3530794e+01
   1.0410612e-01   6.0092541e+01   4.1643953e-01  -4.5465785e+02   4.8473577e+01
   1.0460663e-01   5.9859157e+01   4.3181087e-01  -4.5977773e+02   4.8278356e+01
   1.0510714e-01   5.9629056e+01   4.5604047e-01  -4.6682660e+02   4.3571274e+01
   1.0560765e-01   5.9373350e+01   4.6581388e-01  -4.7450630e+02   3.5547705e+01
   1.0610816e-01   5.9133916e+01   4.6133865e-01  -4.8270561e+02   2.6434830e+01
   1.0660867e-01   5.8895503e+01   4.6760708e-01  -4.9115809e+02   1.7906948e+01
   1.0710918e-01   5.8641344e+01   4.9042169e-01  -5.0017762e+02   1.0139293e+01
   1.0760969e-01   5.8404844e+01   4.6866995e-01  -5.0925506e+02   6.8695962e+00
   1.0811020e-01   5.8137391e+01   4.6868835e-01  -5.1772953e+02   1.0331421e+01
   1.0861071e-01   5.7868576e+01   4.9121024e-01  -5.2569942e+02   1.4567177e+01
   1.0911122e-01   5.7591575e+01   4.5895927e-01  -5.3310070e+02   1.8185618e+01
   1.0961173e-01   5.7319679e+01   4.5378848e-01  -5.3911481e+02   1.9777446e+01
   1.1011224e-01   5.7068541e+01   4.8330637e-01  -5.4396230e+02   1.9773420e+01
   1.1061276e-01   5.6766088e+01   4.8696150e-01  -5.4743118e+02   1.8045843e+01
   1.1111327e-01   5.6479880e+01   4.6742516e-01  -5.4968672e+02   1.5041849e+01
   1.1161378e-01   5.6223261e+01   4.5486402e-01  -5.5168245e+02   1.2144710e+01
   1.1211429e-01   5.5956376e+01   4.7697374e-01  -5.5323008e+02   1.1692228e+01
   1.1261480e-01   5.5670635e+01   4.7971100e-01  -5.5510492e+02   1.4667616e+01
   1.1311531e-01   5.5387463e+01   4.9376619e-01  -5.5767055e+02   1.8509149e+01
   1.1361582e-01   5.5109374e+01   5.2012584e-01  -5.6129303e+02   2.0108447e+01
   1.1411633e-01   5.4834072e+01   5.2595320e-01  -5.6586243e+02   1.8726140e+01
   1.1461684e-01   5.4557242e+01   5.2748940e-01  -5.7107762e+02   1.5863748e+01
   1.1511735e-01   5.4264663e+01   5.2076738e-01  -5.7755403e+02   1.1863426e+01
   1.1561786e-01   5.3973562e+01   5.3780203e-01  -5.8478833e+02   8.4229889e+00
   1.1611837e-01   5.3682283e+01   5.4411676e-01  -5.9195294e+02   7.5878490e+00
   1.1661888e-01   5.3375792e+01   5.3282418e-01  -5.9862976e+02   8.7404104e+00
   1.1711939e-01   5.3059498e+01   5.2912193e-01  -6.0506067e+02   9.7015487e+00
   1.1761990e-01   5.2761153e+01   5.3248583e-01  -6.1057250e+02   1.0088597e+01
   1.1812041e-01   5.2450960e+01   5.3509648e-01  -6.1547311e+02   1.0374566e+01
   1.1862092e-01   5.2141384e+01   5.4032679e-01  -6.2016130e+02   1.0678566e+01
   1.1912143e-01   5.1837323e+01   5.5615379e-01  -6.2469298e+02   1.1463566e+01
   1.1962194e-01   5.1525726e+01   5.5622264e-01  -6.2932174e+02   1.2792597e+01
   1.2012245e-01   5.1206534e+01   5.4940165e-01  -6.3374305e+02   1.3439951e+01
   1.2062296e-01   5.0864028e+01   5.4449881e-01  -6.3766077e+02   1.2634377e+01
   1.2112347e-01   5.0551901e+01   5.4229049e-01  -6.4104947e+02   1.0811844e+01
   1.2162398e-01   5.0240877e+01   5.5189532e-01  -6.4468435e+02   9.6403624e+00
   1.2212449e-01   4.9917171e+01   5.6061036e-01  -6.4819870e+02   1.0146241e+01
   1.2262500e-01   4.9589223e+01   5.7519038e-01  -6.5195803e+02   1.2009365e+01
   1.2312551e-01   4.9256138e+01   5.7466018e-01  -6.5619953e+02   1.3900780e+01
   1.2362602e-01   4.8926970e+01   5.6949253e-01  -6.6085509e+02   1.4827231e+01
   1.2412653e-01   4.8599577e+01   5.9341407e-01  -6.6582433e+02   1.4579645e+01
   1.2462704e-01   4.8277072e+01   6.0640254e-01  -6.7095802e+02   1.2922767e+01
   1.2512755e-01   4.7926343e+01   6.1599383e-01  -6.7683710e+02   1.0377425e+01
   1.2562806e-01   4.7579186e+01   5.9783199e-01  -6.8213827e+02   8.1966111e+00
   1.2612857e-01   4.7236467e+01   5.8618994e-01  -6.8686308e+02   6.5534929e+00
   1.2662908e-01   4.6889908e+01   6.0410071e-01  -6.9144606e+02   5.6143384e+00
   1.2712959e-01   4.6540807e+01   6.1132017e-01  -6.9573862e+02   5.6404676e+00
   1.2763010e-01   4.6197683e+01   6.2037818e-01  -7.0003108e+02   6.2186861e+00
   1.2813061e-01   4.5849269e+01   6.0558535e-01  -7.0440749e+02   6.9955884e+00
   1.2863112e-01   4.5477185e+01   5.8757767e-01  -7.0914657e+02   7.8646445e+00
   1.2913163e-01   4.5135614e+01   5.9313701e-01  -7.1393073e+02   7.6605388e+00
   1.2963214e-01   4.4786810e+01   5.9071050e-01  -7.1888845e+02   7.2335138e+00
   1.3013265e-01   4.4410007e+01   6.0443729e-01  -7.2374372e+02   7.0587536e+00
   1.3063316e-01   4.4039020e+01   6.1856876e-01  -7.2819249e+02   6.9569294e+00
   1.3113367e-01   4.3672215e+01   6.0955210e-01  -7.3249588e+02   7.1003302e+00
   1.3163418e-01   4.3310979e+01   6.0489741e-01  -7.3643037e+02   7.4222155e+00
   1.3213469e-01   4.2940487e+01   5.9758202e-01  -7.4012499e+02   8.2668912e+00
   1.3263520e-01   4.2566387e+01   6.1050962e-01  -7.4397094e+02   9.6621807e+00
   1.3313571e-01   4.2197124e+01   6.0889967e-01  -7.4849684e+02   1.0861476e+01
   1.3363622e-01   4.1825299e+01   6.1260705e-01  -7.5316424e+02   1.1967772e+01
   1.3413673e-01   4.1448292e+01   6.3170601e-01  -7.5764045e+02   1.2362716e+01
   1.3463724e-01   4.1048488e+01   6.3902876e-01  -7.6237200e+02   1.1888036e+01
   1.3513776e-01   4.0667585e+01   6.4182020e-01  -7.6703557e+02   1.0625355e+01
   1.3563827e-01   4.0293958e+01   6.3142468e-01  -7.7203444e+02   8.5252833e+00
   1.3613878e-01   3.9904179e+01   6.4029026e-01  -7.7723372e+02   6.2432870e+00
   1.3663929e-01   3.9512782e+01   6.5446309e-01  -7.8273647e+02   4.2356496e+00
   1.3713980e-01   3.9118644e+01   6.4529278e-01  -7.8885933e+02   3.0444428e+00
   1.3764031e-01   3.8727444e+01   6.4223643e-01  -7.9510636e+02   2.6139663e+00
   1.3814082e-01   3.8321713e+01   6.4372690e-01  -8.0104729e+02   3.3045934e+00
   1.3864133e-01   3.7919544e+01   6.4441509e-01  -8.0610767e+02   4.6907062e+00
   1.3914184e-01   3.7498917e+01   6.4201886e-01  -8.1065877e+02   7.2685308e+00
   1.3964235e-01   3.7086298e+01   6.3576781e-01  -8.1457147e+02   1.0938193e+01
   1.4014286e-01   3.6688388e+01   6.5669995e-01  -8.1753343e+02   1.5471171e+01
   1.4064337e-01   3.6277203e+01   6.6962183e-01  -8.2044211e+02   2.0207769e+01
   1.4114388e-01   3.5868878e+01   6.7326269e-01  -8.2398160e+02   2.4258337e+01
   1.4164439e-01   3.5461385e+01   6.9161069e-01  -8.2833005e+02   2.6765452e+01
   1.4214490e-01   3.5052671e+01   7.0750099e-01  -8.3306495e+02   2.7451109e+01
   1.4264541e-01   3.4625003e+01   7.1486357e-01  -8.3810917e+02   2.7293722e+01
   1.4314592e-01   3.4184310e+01   7.0160552e-01  -8.4325415e+02   2.6510730e+01
   1.4364643e-01   3.3771075e+01   7.1142777e-01  -8.4840972e+02   2.5451002e+01
   1.4414694e-01   3.3357434e+01   7.3782350e-01  -8.5364510e+02   2.4240534e+01
   1.4464745e-01   3.2923063e+01   7.4980512e-01  -8.5886275e+02   2.2679211e+01
   1.4514796e-01   3.2483390e+01   7.6164358e-01  -8.6408572e+02   2.1371327e+01
   1.4564847e-01   3.2052623e+01   7.6339632e-01  -8.6924232e+02   2.0385149e+01
   1.4614898e-01   3.1623517e+01   7.6534325e-01  -8.7406140e+02   2.0161516e+01
   1.4664949e-01   3.1172981e+01   7.5571045e-01  -8.7837617e+02   2.1219574e+01
   1.4715000e-01   3.0728953e+01   7.5738201e-01  -8.8204049e+02   2.3268708e+01
   1.4765051e-01   3.0283754e+01   7.8833821e-01  -8.8484382e+02   2.5662848e+01
   1.4815102e-01   2.9833440e+01   7.9571565e-01  -8.8722035e+02   2.7473379e+01
   1.4865153e-01   2.9397186e+01   8.0757199e-01  -8.8922123e+02   2.9447579e+01
   1.4915204e-01   2.8959405e+01   8.1697158e-01  -8.9088019e+02   3.2125549e+01
   1.4965255e-01   2.8517588e+01   8.1200730e-01  -8.9310037e+02   3.4834333e+01
   1.5015306e-01   2.8056129e+01   8.1603682e-01  -8.9568007e+02   3.8171734e+01
   1.5065357e-01   2.7594472e+01   8.2881129e-01  -8.9822136e+02   4.2667318e+01
   1.5115408e-01   2.7168362e+01   8.7272859e-01  -9.0147137e+02   4.7383602e+01
   1.5165459e-01   2.6712462e+01   8.8016196e-01  -9.0592283e+02   5.1674969e+01
   1.5215510e-01   2.6252217e+01   9.0352011e-01  -9.1152543e+02   5.5212740e+01
   1.5265561e-01   2.5819307e+01   9.5601820e-01  -9.1832372e+02   5.7325764e+01
   1.5315612e-01   2.5348919e+01   9.5358680e-01  -9.2637211e+02   5.8424481e+01
   1.5365663e-01   2.4868320e+01   9.7076801e-01  -9.3472696e+02   5.9359310e+01
   1.5415714e-01   2.4404072e+01   9.8944302e-01  -9.4256367e+02   6.0324096e+01
   1.5465765e-01   2.3931534e+01   1.0000324e+00  -9.5012649e+02   6.0731528e+01
   1.5515816e-01   2.3434189e+01   1.0418252e+00  -9.5694525e+02   6.0121162e+01
   1.5565867e-01   2.2948724e+01   1.0712509e+00  -9.6240593e+02   5.9195864e+01
   1.5615918e-01   2.2480575e+01   1.0883586e+00  -9.6725811e+02   5.7608566e+01
   1.5665969e-01   2.1983769e+01   1.1012459e+00  -9.7214155e+02   5.5567746e+01
   1.5716020e-01   2.1501709e+01   1.1219400e+00  -9.7703880e+02   5.4637340e+01
   1.5766071e-01   2.1028407e+01   1.1535586e+00  -9.8232217e+02   5.4153130e+01
   1.5816122e-01   2.0517791e+01   1.1751471e+00  -9.8784020e+02   5.4122477e+01
   1.5866173e-01   2.0016894e+01   1.2009023e+00  -9.9298307e+02   5.4595596e+01
   1.5916224e-01   1.9518470e+01   1.2267346e+00  -9.9765225e+02   5.5008439e+01
   1.5966276e-01   1.9019798e+01   1.2620948e+00  -1.0020508e+03   5.5804221e+01
   1.6016327e-01   1.8520169e+01   1.2813959e+00  -1.0056455e+03   5.7324525e+01
   1.6066378e-01   1.8000713e+01   1.2932606e+00  -1.0084863e+03   5.9933733e+01
   1.6116429e-01   1.7488840e+01   1.3222980e+00  -1.0113412e+03   6.3191457e+01
   1.6166480e-01   1.6995426e+01   1.3524858e+00  -1.0141913e+03   6.6632749e+01
   1.6216531e-01   1.6505134e+01   1.4033099e+00  -1.0174166e+03   6.9682205e+01
   1.6266582e-01   1.5990467e+01   1.4579049e+00  -1.0215359e+03   7.1283733e+01
   1.6316633e-01   1.5460512e+01   1.4836141e+00  -1.0262649e+03   7.1358029e+01
   1.6366684e-01   1.4951227e+01   1.5098330e+00  -1.0315343e+03   6.9505046e+01
   1.6416735e-01   1.4430076e+01   1.5480345e+00  -1.0371603e+03   6.6150634e+01
   1.6466786e-01   1.3910108e+01   1.5758700e+00  -1.0432924e+03   6.2009695e+01
   1.6516837e-01   1.3405328e+01   1.6049527e+00  -1.0501016e+03   5.7140952e+01
   1.6566888e-01   1.2872571e+01   1.6296988e+00  -1.0576917e+03   5.1529432e+01
   1.6616939e-01   1.2334044e+01   1.6503977e+00  -1.0656083e+03   4.5247167e+01
   1.6666990e-01   1.1792461e+01   1.6757476e+00  -1.0728863e+03   3.9547058e+01
   1.6717041e-01   1.1243697e+01   1.6839715e+00  -1.0799038e+03   3.4382773e+01
   1.6767092e-01   1.0704432e+01   1.6815813e+00  -1.0864977e+03   2.9314673e+01
   1.6817143e-01   1.0157949e+01   1.7057237e+00  -1.0926885e+03   2.4349358e+01
   1.6867194e-01   9.6204373e+00   1.7380356e+00  -1.0991282e+03   1.9872812e+01
   1.6917245e-01   9.0679177e+00   1.7381857e+00  -1.1058387e+03   1.6716198e+01
   1.6967296e-01   8.4999371e+00   1.7152065e+00  -1.1124579e+03   1.5339756e+01
   1.7017347e-01   7.9480775e+00   1.7224122e+00  -1.1192469e+03   1.4713444e+01
   1.7067398e-01   7.3733535e+00   1.7351483e+00  -1.1261483e+03   1.4149043e+01
   1.7117449e-01   6.8177691e+00   1.7419350e+00  -1.1484850e+03   1.7326871e+01
   1.7167500e-01   6.2537499e+00   1.7327484e+00  -1.1867884e+03   8.0547711e+01
   1.7217551e-01   5.6704868e+00   1.7121775e+00  -1.2350627e+03   1.6480800e+02
   1.7267602e-01   5.0928482e+00   1.7127596e+00  -1.3037577e+03   2.8937022e+02
   1.7317653e-01   4.5136399e+00   1.7353776e+00  -1.3894942e+03   4.4831216e+02
   1.7367704e-01   3.9309730e+00   1.7370037e+00  -1.4804185e+03   6.1790645e+02
   1.7417755e-01   3.3426237e+00   1.7207973e+00  -1.5574480e+03   7.5958149e+02
   1.7467806e-01   1.8797979e+00   2.2430119e+00  -1.5999375e+03   8.3266522e+02
   1.7517857e-01   4.4389259e-01   3.5634844e+00  -1.6048182e+03   8.0601463e+02
   1.7567908e-01  -8.0893833e-02   3.4909159e+00  -1.5733901e+03   6.8447202e+02
   1.7617959e-01  -6.3324544e-01   3.4068680e+00  -1.5173051e+03   5.0580695e+02
   1.7668010e-01  -1.2062319e+00   3.3106071e+00  -1.4634975e+03   3.4076220e+02
   1.7718061e-01  -1.7876272e+00   3.2434441e+00  -1.4283510e+03   3.1399155e+02
   1.7768112e-01  -2.3653936e+00   3.1543153e+00  -1.4149064e+03   4.2807961e+02
   1.7818163e-01  -2.9449816e+00   3.0611449e+00  -1.4126533e+03   5.5489337e+02
   1.7868214e-01  -4.0308514e+00   2.3304559e+00  -1.3983781e+03   6.4114263e+02
   1.7918265e-01  -5.0964613e+00   1.9451933e+00  -1.3688031e+03   6.5963782e+02
   1.7968316e-01  -5.6416129e+00   1.8805338e+00  -1.3234464e+03   6.0912677e+02
   1.8018367e-01  -6.1715862e+00   1.7709646e+00  -1.2561056e+03   5.2143092e+02
   1.8068418e-01  -6.6884392e+00   1.6744023e+00  -1.1797186e+03   4.2045109e+02
   1.8118469e-01  -7.2014302e+00   1.6383393e+00  -1.1061676e+03   3.2798967e+02
   1.8168520e-01  -7.6995694e+00   1.6026345e+00  -1.0465107e+03   2.5537007e+02
   1.8218571e-01  -8.1973998e+00   1.5346980e+00  -1.0020032e+03   2.0716345e+02
   1.8268622e-01  -8.6579053e+00   1.4689826e+00  -9.6543105e+02   1.7579256e+02
   1.8318673e-01  -9.0858836e+00   1.4458984e+00  -9.4209305e+02   1.6731570e+02
   1.8368724e-01  -9.5520987e+00   1.4382607e+00  -9.3362187e+02   1.7667228e+02
   1.8418776e-01  -9.9896652e+00   1.4073890e+00  -9.2766583e+02   1.9128030e+02
   1.8468827e-01  -1.0390808e+01   1.3846115e+00  -9.1791483e+02   2.0380564e+02
   1.8518878e-01  -1.0993524e+01   1.3835006e+00  -9.0127278e+02   2.0582724e+02
   1.8568929e-01  -1.1555126e+01   1.5044586e+00  -8.7419435e+02   2.0047305e+02
   1.8618980e-01  -1.1884648e+01   1.4308346e+00  -8.3437382e+02   2.0347541e+02
   1.8669031e-01  -1.2201553e+01   1.3523656e+00  -7.8117303e+02   2.2292550e+02
   1.8719082e-01  -1.2692911e+01   8.2270134e-01  -7.1953597e+02   2.4446786e+02
   1.8769133e-01  -1.3141443e+01   3.8239608e-01  -6.4775649e+02   2.5018777e+02
   1.8819184e-01  -1.3355463e+01   4.3385480e-01  -5.7133893e+02   2.3542357e+02
   1.8869235e-01  -1.3532715e+01   4.9958676e-01  -4.9802444e+02   2.1462089e+02
   1.8919286e-01  -1.3690760e+01   5.9206441e-01  -4.2511830e+02   2.0289974e+02
   1.8969337e-01  -1.3837092e+01   6.6819479e-01  -3.5846004e+02   1.9997798e+02
   1.9019388e-01  -1.3941820e+01   7.0970554e-01  -2.9631041e+02   1.9318450e+02
   1.9069439e-01  -1.4258133e+01   1.0839844e+00  -2.3219985e+02   1.7680006e+02
   1.9119490e-01  -1.4345633e+01   1.1620583e+00  -1.6220331e+02   1.4560444e+02
   1.9169541e-01  -1.4318507e+01   1.1112874e+00  -8.8439490e+01   1.0271533e+02
   1.9219592e-01  -1.4420386e+01   1.2653952e+00  -1.5786284e+01   6.9199805e+01
   1.9269643e-01  -1.4274379e+01   1.0956586e+00   5.9061885e+01   7.2554796e+01
   1.9319694e-01  -1.4162283e+01   1.0200971e+00   1.3630106e+02   9.3267964e+01
   1.9369745e-01  -1.4059038e+01   9.9705901e-01   2.1344137e+02   1.0630391e+02
   1.9419796e-01  -1.3968094e+01   9.9739564e-01   2.9307913e+02   1.1250027e+02
   1.9469847e-01  -1.3852005e+01   9.4582823e-01   3.8137925e+02   1.3033190e+02
   1.9519898e-01  -1.3666709e+01   8.3437458e-01   4.7321275e+02   1.7106307e+02
   1.9569949e-01  -1.3512017e+01   8.1382746e-01   5.6465682e+02   2.3049619e+02
   1.9620000e-01  -1.3074944e+01   1.2028353e+00   6.4751863e+02   2.8800920e+02
   1.9670051e-01  -1.2389180e+01   1.7320298e+00   7.0766933e+02   3.2852861e+02
   1.9720102e-01  -1.1901196e+01   1.9854753e+00   7.4317580e+02   3.4148121e+02
   1.9770153e-01  -1.1584675e+01   2.1071857e+00   7.5515333e+02   3.2711067e+02
   1.9820204e-01  -1.1269459e+01   2.1651774e+00   7.5086679e+02   2.9339360e+02
   1.9870255e-01  -1.0929009e+01   2.2155554e+00   7.3983297e+02   2.5183009e+02
   1.9920306e-01  -1.0584220e+01   2.2801976e+00   7.3041399e+02   2.1289216e+02
   1.9970357e-01  -1.0238734e+01   2.3297008e+00   7.2860877e+02   1.8340850e+02
   2.0020408e-01  -9.8940186e+00   2.3910456e+00   7.3232821e+02   1.6507882e+02
   2.0070459e-01  -9.5419439e+00   2.4796454e+00   7.4184681e+02   1.5646245e+02
   2.0120510e-01  -9.1491496e+00   2.5417330e+00   7.5867498e+02   1.5722293e+02
   2.0170561e-01  -8.7436490e+00   2.5953337e+00   7.7765061e+02   1.6387941e+02
   2.0220612e-01  -8.3363861e+00   2.6354134e+00   7.9437724e+02   1.7259628e+02
   2.0270663e-01  -7.9247950e+00   2.6873473e+00   8.0800396e+02   1.8113232e+02
   2.0320714e-01  -7.5047134e+00   2.7655220e+00   8.1896305e+02   1.8886711e+02
   2.0370765e-01  -7.1054241e+00   2.8567735e+00   8.2723371e+02   1.9518106e+02
   2.0420816e-01  -6.6931978e+00   2.9314805e+00   8.3951483e+02   2.0608318e+02
   2.0470867e-01  -6.2462300e+00   2.9886479e+00   8.5846169e+02   2.2667924e+02
   2.0520918e-01  -5.8071885e+00   3.0746340e+00   8.8201212e+02   2.5761006e+02
   2.0570969e-01  -5.3987167e+00   3.1634296e+00   9.1500104e+02   3.0885288e+02
   2.0621020e-01  -5.0033070e+00   3.2394912e+00   9.5846372e+02   3.8494039e+02
   2.0671071e-01  -4.5869408e+00   3.3196372e+00   1.0075327e+03   4.7628180e+02
   2.0721122e-01  -4.1650022e+00   3.4075252e+00   1.0530617e+03   5.6413280e+02
   2.0771173e-01  -3.3709821e+00   3.4921530e+00   1.0832364e+03   6.2450804e+02
   2.0821224e-01  -2.4578926e+00   3.8368077e+00   1.0886286e+03   6.3896831e+02
   2.0871276e-01  -1.9306837e+00   4.0150223e+00   1.0671873e+03   6.0427612e+02
   2.0921327e-01  -1.5185131e+00   4.1240573e+00   1.0252949e+03   5.3188671e+02
   2.0971378e-01  -1.1061331e+00   4.2534039e+00   9.7411035e+02   4.4301082e+02
   2.1021429e-01  -7.0015582e-01   4.3612557e+00   9.2433468e+02   3.5810901e+02
   2.1071480e-01  -2.6703686e-01   4.4761271e+00   8.8367052e+02   2.8932143e+02
   2.1121531e-01   1.4840792e-01   4.5795698e+00   8.5514115e+02   2.3884086e+02
   2.1171582e-01   5.4663984e-01   4.6837385e+00   8.3499512e+02   1.9873309e+02
   2.1221633e-01   9.4019594e-01   4.7736693e+00   8.2463928e+02   1.6995251e+02
   2.1271684e-01   1.3389460e+00   4.8288823e+00   8.3895367e+02   1.2425688e+02
   2.1321735e-01   1.7604008e+00   4.8956947e+00   8.7101679e+02   5.7731068e+01
   2.1371786e-01   2.1829853e+00   4.9525963e+00   9.1309227e+02   6.5457587e+01
   2.1421837e-01   2.6220102e+00   4.9887624e+00   9.7416774e+02   1.8914764e+02
   2.1471888e-01   3.0457953e+00   5.0161230e+00   1.0509921e+03   3.5322959e+02
   2.1521939e-01   3.4426823e+00   5.0567348e+00   1.1335649e+03   5.3120067e+02
   2.1571990e-01   3.8486028e+00   5.1463397e+00   1.2043249e+03   6.8686877e+02
   2.1622041e-01   5.0802473e+00   3.5885971e+00   1.2437985e+03   7.8106829e+02
   2.1672092e-01   6.2980500e+00   2.0189230e+00   1.2394114e+03   7.8763340e+02
   2.1722143e-01   6.6917031e+00   2.0309339e+00   1.1914140e+03   7.0636860e+02
   2.1772194e-01   7.0984563e+00   2.0617864e+00   1.1127783e+03   5.6222339e+02
   2.1822245e-01   7.5009962e+00   2.0822771e+00   1.0223869e+03   3.9457179e+02
   2.1872296e-01   7.9053789e+00   2.1011244e+00   9.3825232e+02   2.4006905e+02
   2.1922347e-01   8.3135149e+00   2.1346309e+00   8.7106498e+02   1.2077428e+02
   2.1972398e-01   8.6993268e+00   2.1615032e+00   8.2314258e+02   4.2278592e+01
   2.2022449e-01   9.0706986e+00   2.1816406e+00   7.8544913e+02   2.0257788e+01
   2.2072500e-01   9.4523859e+00   2.1914770e+00   7.6327060e+02   4.7851933e+01
   2.2122551e-01   9.8378383e+00   2.2107067e+00   7.5650264e+02   4.8612736e+01
   2.2172602e-01   1.0207050e+01   2.2340603e+00   7.5077996e+02   5.0041802e+01
   2.2222653e-01   1.0567551e+01   2.2472461e+00   7.4631104e+02   5.2005625e+01
   2.2272704e-01   1.0933797e+01   2.2678924e+00   7.4293793e+02   5.4157597e+01
   2.2322755e-01   1.1311278e+01   2.3010472e+00   7.4007909e+02   5.5857126e+01
   2.2372806e-01   1.1689219e+01   2.3310055e+00   7.3770072e+02   5.7236852e+01
   2.2422857e-01   1.2048090e+01   2.3500416e+00   7.3501438e+02   5.8102732e+01
   2.2472908e-01   1.2419831e+01   2.3764299e+00   7.3126030e+02   5.7997521e+01
   2.2522959e-01   1.2789108e+01   2.4039187e+00   7.2681066e+02   5.7652446e+01
   2.2573010e-01   1.3148186e+01   2.4259615e+00   7.2196360e+02   5.7665541e+01
   2.2623061e-01   1.3508694e+01   2.4555162e+00   7.1667881e+02   5.7717546e+01
   2.2673112e-01   1.3857472e+01   2.4695959e+00   7.1081571e+02   5.7767153e+01
   2.2723163e-01   1.4216952e+01   2.4859424e+00   7.0468677e+02   5.7903551e+01
   2.2773214e-01   1.4568693e+01   2.5178637e+00   6.9863360e+02   5.7657113e+01
   2.2823265e-01   1.4899641e+01   2.5269186e+00   6.9263436e+02   5.6690614e+01
   2.2873316e-01   1.5244399e+01   2.5450952e+00   6.8623426e+02   5.5085483e+01
   2.2923367e-01   1.5598833e+01   2.5764015e+00   6.7930484e+02   5.3127969e+01
   2.2973418e-01   1.5947120e+01   2.5853796e+00   6.7217088e+02   5.1817876e+01
   2.3023469e-01   1.6270280e+01   2.5936482e+00   6.6480652e+02   5.1558293e+01
   2.3073520e-01   1.6586924e+01   2.6185629e+00   6.5744136e+02   5.1980470e+01
   2.3123571e-01   1.6909508e+01   2.6388341e+00   6.5081802e+02   5.2937260e+01
   2.3173622e-01   1.7230321e+01   2.6510432e+00   6.4546175e+02   5.3925186e+01
   2.3223673e-01   1.7554862e+01   2.6673677e+00   6.4081207e+02   5.4509581e+01
   2.3273724e-01   1.7867949e+01   2.6783234e+00   6.3649365e+02   5.4147212e+01
   2.3323776e-01   1.8192987e+01   2.6987355e+00   6.3250552e+02   5.3385513e+01
   2.3373827e-01   1.8509646e+01   2.7259242e+00   6.2865927e+02   5.3454489e+01
   2.3423878e-01   1.8799388e+01   2.7384511e+00   6.2502923e+02   5.4157364e+01
   2.3473929e-01   1.9116907e+01   2.7653538e+00   6.2116796e+02   5.5714323e+01
   2.3523980e-01   1.9451442e+01   2.7982261e+00   6.1649883e+02   5.8640124e+01
   2.3574031e-01   1.9750991e+01   2.8068514e+00   6.1098996e+02   6.2611942e+01
   2.3624082e-01   2.0045118e+01   2.8234304e+00   6.0516552e+02   6.6852772e+01
   2.3674133e-01   2.0342891e+01   2.8728237e+00   5.9977143e+02   7.0495558e+01
   2.3724184e-01   2.0634853e+01   2.9025079e+00   5.9391421e+02   7.2658089e+01
   2.3774235e-01   2.0937383e+01   2.9018537e+00   5.8811162e+02   7.2414843e+01
   2.3824286e-01   2.1242310e+01   2.9276004e+00   5.8306210e+02   6.8890529e+01
   2.3874337e-01   2.1519983e+01   2.9440510e+00   5.7779855e+02   6.2592099e+01
   2.3924388e-01   2.1778780e+01   2.9443135e+00   5.7268498e+02   5.5630943e+01
   2.3974439e-01   2.2065845e+01   2.9746223e+00   5.6785125e+02   4.8986485e+01
   2.4024490e-01   2.2390130e+01   3.0173555e+00   5.6260878e+02   4.3428351e+01
   2.4074541e-01   2.2664601e+01   3.0187738e+00   5.5630558e+02   3.9635267e+01
   2.4124592e-01   2.2919859e+01   3.0109308e+00   5.4920020e+02   3.6599418e+01
   2.4174643e-01   2.3199226e+01   3.0235846e+00   5.4204112e+02   3.4738847e+01
   2.4224694e-01   2.3457571e+01   3.0299190e+00   5.3511423e+02   3.3886704e+01
   2.4274745e-01   2.3719681e+01   3.0428854e+00   5.2887330e+02   3.2894180e+01
   2.4324796e-01   2.3983647e+01   3.0617454e+00   5.2317620e+02   3.2484396e+01
   2.4374847e-01   2.4254804e+01   3.0860810e+00   5.1793436e+02   3.2790050e+01
   2.4424898e-01   2.4498563e+01   3.0923740e+00   5.1314552e+02   3.3478236e+01
   2.4474949e-01   2.4733554e+01   3.0905698e+00   5.0951900e+02   3.4290369e+01
   2.4525000e-01   2.5002142e+01   3.1121194e+00   5.0613292e+02   3.5602168e+01
   2.4575051e-01   2.5264220e+01   3.1421112e+00   5.0200609e+02   3.7533013e+01
   2.4625102e-01   2.5512775e+01   3.1616720e+00   4.9823839e+02   3.8730873e+01
   2.4675153e-01   2.5748392e+01   3.1606894e+00   4.9413716e+02   3.8913237e+01
   2.4725204e-01   2.5996959e+01   3.1821966e+00   4.8962834e+02   3.8940438e+01
   2.4775255e-01   2.6244230e+01   3.2007380e+00   4.8500943e+02   3.8937522e+01
   2.4825306e-01   2.6490325e+01   3.2098358e+00   4.8071993e+02   3.9317379e+01
   2.4875357e-01   2.6724957e+01   3.2364392e+00   4.7672682e+02   4.0267629e+01
   2.4925408e-01   2.6931674e+01   3.2488837e+00   4.7238566e+02   4.1159607e+01
   2.4975459e-01   2.7181718e+01   3.2783852e+00   4.6830396e+02   4.1971501e+01
   2.5025510e-01   2.7431489e+01   3.3074495e+00   4.6404637e+02   4.2747030e+01
   2.5075561e-01   2.7662329e+01   3.3198009e+00   4.5921440e+02   4.3373591e+01
   2.5125612e-01   2.7889768e+01   3.3357928e+00   4.5403829e+02   4.3662876e+01
   2.5175663e-01   2.8107581e+01   3.3644608e+00   4.4890855e+02   4.4013398e+01
   2.5225714e-01   2.8326928e+01   3.3929362e+00   4.4417562e+02   4.4242947e+01
   2.5275765e-01   2.8528416e+01   3.3975469e+00   4.4034313e+02   4.4021889e+01
   2.5325816e-01   2.8748529e+01   3.4151282e+00   4.3781860e+02   4.4274433e+01
   2.5375867e-01   2.8975532e+01   3.4358329e+00   4.3496235e+02   4.4894080e+01
   2.5425918e-01   2.9195957e+01   3.4580433e+00   4.3151144e+02   4.5598412e+01
   2.5475969e-01   2.9428920e+01   3.4901887e+00   4.2775418e+02   4.6547714e+01
   2.5526020e-01   2.9639859e+01   3.5236700e+00   4.2330105e+02   4.7165871e+01
   2.5576071e-01   2.9826383e+01   3.5448123e+00   4.1862400e+02   4.7236847e+01
   2.5626122e-01   3.0016853e+01   3.5505262e+00   4.1409643e+02   4.7386206e+01
   2.5676173e-01   3.0246301e+01   3.5821413e+00   4.0965438e+02   4.7790734e+01
   2.5726224e-01   3.0459865e+01   3.6065225e+00   4.0489350e+02   4.8177932e+01
   2.5776276e-01   3.0643384e+01   3.6158975e+00   3.9980844e+02   4.8834292e+01
   2.5826327e-01   3.0848086e+01   3.6537814e+00   3.9432646e+02   4.9293878e+01
   2.5876378e-01   3.1043362e+01   3.6901857e+00   3.8838392e+02   4.8928178e+01
   2.5926429e-01   3.1234073e+01   3.7107629e+00   3.8219761e+02   4.7650257e+01
   2.5976480e-01   3.1429822e+01   3.7345049e+00   3.7641190e+02   4.6197586e+01
   2.6026531e-01   3.1604160e+01   3.7433395e+00   3.7110147e+02   4.5183545e+01
   2.6076582e-01   3.1779040e+01   3.7492503e+00   3.6599802e+02   4.4476986e+01
   2.6126633e-01   3.1958691e+01   3.7786394e+00   3.6187015e+02   4.4723803e+01
   2.6176684e-01   3.2140042e+01   3.8154157e+00   3.5834941e+02   4.5752313e+01
   2.6226735e-01   3.2327122e+01   3.8410998e+00   3.5471123e+02   4.6659309e+01
   2.6276786e-01   3.2491886e+01   3.8543311e+00   3.5089502e+02   4.7366288e+01
   2.6326837e-01   3.2673148e+01   3.8828543e+00   3.4656713e+02   4.8073521e+01
   2.6376888e-01   3.2858580e+01   3.9104620e+00   3.4155019e+02   4.8510214e+01
   2.6426939e-01   3.3018738e+01   3.9221000e+00   3.3622552e+02   4.9023965e+01
   2.6476990e-01   3.3175003e+01   3.9472965e+00   3.3113804e+02   4.9753265e+01
   2.6527041e-01   3.3327753e+01   3.9804120e+00   3.2639872e+02   5.0312117e+01
   2.6577092e-01   3.3495556e+01   4.0091562e+00   3.2156530e+02   5.0795859e+01
   2.6627143e-01   3.3663714e+01   4.0314998e+00   3.1671693e+02   5.1287742e+01
   2.6677194e-01   3.3827071e+01   4.0584382e+00   3.1199042e+02   5.1581251e+01
   2.6727245e-01   3.3974559e+01   4.0766032e+00   3.0692654e+02   5.1635001e+01
   2.6777296e-01   3.4106526e+01   4.0975811e+00   3.0175075e+02   5.1573556e+01
   2.6827347e-01   3.4266587e+01   4.1345285e+00   2.9672363e+02   5.1193970e+01
   2.6877398e-01   3.4429324e+01   4.1648936e+00   2.9169230e+02   5.0412096e+01
   2.6927449e-01   3.4557466e+01   4.1825287e+00   2.8661978e+02   4.9543201e+01
   2.6977500e-01   3.4689908e+01   4.1984433e+00   2.8179769e+02   4.9066400e+01
   2.7027551e-01   3.4831230e+01   4.2149321e+00   2.7739966e+02   4.9055083e+01
   2.7077602e-01   3.4976490e+01   4.2495495e+00   2.7301047e+02   4.9147168e+01
   2.7127653e-01   3.5115057e+01   4.2877719e+00   2.6897614e+02   4.9544629e+01
   2.7177704e-01   3.5241452e+01   4.3082404e+00   2.6559445e+02   5.0225986e+01
   2.7227755e-01   3.5364560e+01   4.3234134e+00   2.6235993e+02   5.1089972e+01
   2.7277806e-01   3.5479863e+01   4.3378136e+00   2.5938469e+02   5.2252934e+01
   2.7327857e-01   3.5620730e+01   4.3709692e+00   2.5659462e+02   5.3569437e+01
   2.7377908e-01   3.5768161e+01   4.4095820e+00   2.5339757e+02   5.4986990e+01
   2.7427959e-01   3.5884442e+01   4.4371786e+00   2.4937816e+02   5.6080264e+01
   2.7478010e-01   3.6000501e+01   4.4643376e+00   2.4449291e+02   5.6440918e+01
   2.7528061e-01   3.6131840e+01   4.4982060e+00   2.3906964e+02   5.6416112e+01
   2.7578112e-01   3.6252000e+01   4.5271334e+00   2.3362763e+02   5.6512283e+01
   2.7628163e-01   3.6353537e+01   4.5437165e+00   2.2842028e+02   5.6784864e+01
   2.7678214e-01   3.6449735e+01   4.5588300e+00   2.2367197e+02   5.7232886e+01
   2.7728265e-01   3.6568992e+01   4.5984745e+00   2.1907738e+02   5.7722292e+01
   2.7778316e-01   3.6074767e+01   5.4818660e+00   2.0188368e+02   6.4036126e+01
   2.7828367e-01   3.6173332e+01   5.5127062e+00   1.9732259e+02   6.4014693e+01
   2.7878418e-01   3.6262506e+01   5.5334357e+00   1.9222600e+02   6.3431944e+01
   2.7928469e-01   3.6355849e+01   5.5648220e+00   1.8687809e+02   6.2649424e+01
   2.7978520e-01   3.6449687e+01   5.6002666e+00   1.8177276e+02   6.2229871e+01
   2.8028571e-01   3.6534293e+01   5.6200396e+00   1.7660415e+02   6.2060944e+01
   2.8078622e-01   3.6620292e+01   5.6539728e+00   1.7148649e+02   6.2076410e+01
   2.8128673e-01   3.6708588e+01   5.6960926e+00   1.6639107e+02   6.1994291e+01
   2.8178724e-01   3.6793322e+01   5.7294930e+00   1.6166856e+02   6.2281505e+01
   2.8228776e-01   3.6855860e+01   5.7455960e+00   1.5724442e+02   6.2983253e+01
   2.8278827e-01   3.6933061e+01   5.7728582e+00   1.5305556e+02   6.3815184e+01
   2.8328878e-01   3.7014428e+01   5.8121272e+00   1.4917366e+02   6.4917391e+01
   2.8378929e-01   3.7083033e+01   5.8464939e+00   1.4512008e+02   6.5930879e+01
   2.8428980e-01   3.7157729e+01   5.8847312e+00   1.4077412e+02   6.6732417e+01
   2.8479031e-01   3.7230579e+01   5.9173255e+00   1.3598235e+02   6.6970063e+01
   2.8529082e-01   3.7302162e+01   5.9562374e+00   1.3084736e+02   6.6787816e+01
   2.8579133e-01   3.7355999e+01   5.9874175e+00   1.2566769e+02   6.6627427e+01
   2.8629184e-01   3.7404977e+01   6.0069142e+00   1.2055055e+02   6.6263950e+01
   2.8679235e-01   3.7474040e+01   6.0494299e+00   1.1548722e+02   6.5807110e+01
   2.8729286e-01   3.7528925e+01   6.0842172e+00   1.1059979e+02   6.5398542e+01
   2.8779337e-01   3.7578499e+01   6.1121938e+00   1.0581074e+02   6.5037439e+01
   2.8829388e-01   3.7630600e+01   6.1452253e+00   1.0065059e+02   6.4464183e+01
   2.8879439e-01   3.7682350e+01   6.1788983e+00   9.5227254e+01   6.3790307e+01
   2.8929490e-01   3.7732321e+01   6.2190981e+00   8.9728824e+01   6.3167259e+01
   2.8979541e-01   3.7763818e+01   6.2401664e+00   8.4241083e+01   6.2624536e+01
   2.9029592e-01   3.7804352e+01   6.2701438e+00   7.8756788e+01   6.2308367e+01
   2.9079643e-01   3.7844901e+01   6.3035706e+00   7.3313269e+01   6.2221913e+01
   2.9129694e-01   3.7878863e+01   6.3316980e+00   6.8488127e+01   6.2823336e+01
   2.9179745e-01   3.7902912e+01   6.3573190e+00   6.4019060e+01   6.3706421e+01
   2.9229796e-01   3.7928148e+01   6.3893566e+00   5.9637872e+01   6.4605273e+01
   2.9279847e-01   3.7965215e+01   6.4362942e+00   5.5393849e+01   6.5446507e+01
   2.9329898e-01   3.7993950e+01   6.4708111e+00   5.1199645e+01   6.6013664e+01
   2.9379949e-01   3.8015835e+01   6.4958922e+00   4.7031958e+01   6.6698311e+01
   2.9430000e-01   3.8035307e+01   6.5275994e+00   4.2330321e+01   6.7130671e+01
   2.9480051e-01   3.8057128e+01   6.5653065e+00   3.7547284e+01   6.7659400e+01
   2.9530102e-01   3.8071742e+01   6.5930547e+00   3.3197962e+01   6.8662171e+01
   2.9580153e-01   3.8076501e+01   6.6244913e+00   2.8692012e+01   6.9365318e+01
   2.9630204e-01   3.8089879e+01   6.6662880e+00   2.3810900e+01   6.9470564e+01
   2.9680255e-01   3.8111754e+01   6.7081377e+00   1.8507130e+01   6.8871626e+01
   2.9730306e-01   3.8129118e+01   6.7522174e+00   1.2755629e+01   6.7649703e+01
   2.9780357e-01   3.8120195e+01   6.7783076e+00   6.6325107e+00   6.5904206e+01
   2.9830408e-01   3.8111112e+01   6.8012763e+00   3.4036610e-01   6.4094582e+01
   2.9880459e-01   3.8126060e+01   6.8436596e+00  -5.8911537e+00   6.2732481e+01
   2.9930510e-01   3.8112174e+01   6.8616499e+00  -1.1517886e+01   6.2373078e+01
   2.9980561e-01   3.8090095e+01   6.8797445e+00  -1.6276186e+01   6.3066441e+01
   3.0030612e-01   3.8080996e+01   6.9173906e+00  -2.0529240e+01   6.4450721e+01
   3.0080663e-01   3.8070327e+01   6.9563346e+00  -2.4306713e+01   6.6481018e+01
   3.0130714e-01   3.8062817e+01   6.9935239e+00  -2.8030399e+01   6.8341245e+01
   3.0180765e-01   3.8052250e+01   7.0342203e+00  -3.1964991e+01   6.9666793e+01
   3.0230816e-01   3.8028853e+01   7.0662980e+00  -3.6373123e+01   7.0284703e+01
   3.0280867e-01   3.8005419e+01   7.0995702e+00  -4.1580106e+01   7.0093810e+01
   3.0330918e-01   3.7987860e+01   7.1380459e+00  -4.7047498e+01   6.9699321e+01
   3.0380969e-01   3.7962012e+01   7.1667465e+00  -5.2873635e+01   6.9111910e+01
   3.0431020e-01   3.7939758e+01   7.2108495e+00  -5.9018155e+01   6.8280235e+01
   3.0481071e-01   3.7902801e+01   7.2437772e+00  -6.4808727e+01   6.7798087e+01
   3.0531122e-01   3.7854553e+01   7.2655442e+00  -7.0125425e+01   6.7665662e+01
   3.0581173e-01   3.7819600e+01   7.2985114e+00  -7.4858031e+01   6.7506081e+01
   3.0631224e-01   3.7780637e+01   7.3346938e+00  -7.8671709e+01   6.7949589e+01
   3.0681276e-01   3.7735629e+01   7.3703933e+00  -8.1983057e+01   6.8433595e+01
   3.0731327e-01   3.7695226e+01   7.4117575e+00  -8.5139706e+01   6.8544924e+01
   3.0781378e-01   3.7652854e+01   7.4456121e+00  -8.8331441e+01   6.8557996e+01
   3.0831429e-01   3.7615922e+01   7.4839351e+00  -9.1828483e+01   6.8240508e+01
   3.0881480e-01   3.7568227e+01   7.5132228e+00  -9.5351832e+01   6.8558839e+01
   3.0931531e-01   3.7504406e+01   7.5218853e+00  -9.8913951e+01   6.9405075e+01
   3.0981582e-01   3.5688040e+01   9.7931433e+00  -1.2432828e+02   8.3608523e+01
   3.1031633e-01   3.5630366e+01   9.8644032e+00  -1.2852174e+02   8.3581808e+01
   3.1081684e-01   3.5570143e+01   9.9056027e+00  -1.3244389e+02   8.3450372e+01
   3.1131735e-01   3.5499808e+01   9.9383261e+00  -1.3630137e+02   8.2957883e+01
   3.1181786e-01   3.5424516e+01   9.9531354e+00  -1.3982093e+02   8.2502700e+01
   3.1231837e-01   3.5348060e+01   1.0004392e+01  -1.4305986e+02   8.1902168e+01
   3.1281888e-01   3.5269779e+01   1.0064382e+01  -1.4587765e+02   8.1358231e+01
   3.1331939e-01   3.5202050e+01   1.0101848e+01  -1.4871874e+02   8.0244528e+01
   3.1381990e-01   4.2306444e+01   0.0000000e+00  -9.7450700e+01   0.0000000e+00
   3.1432041e-01   4.2257202e+01   0.0000000e+00  -1.0316946e+02   0.0000000e+00
   3.1482092e-01   4.2203709e+01   0.0000000e+00  -1.0919183e+02   0.0000000e+00
   3.1532143e-01   4.2131910e+01   0.0000000e+00  -1.1528680e+02   0.0000000e+00
   3.1582194e-01   4.2062424e+01   0.0000000e+00  -1.2078654e+02   0.0000000e+00
   3.1632245e-01   4.2025269e+01   0.0000000e+00  -1.2612353e+02   0.0000000e+00
   3.1682296e-01   4.1946609e+01   0.0000000e+00  -1.3038577e+02   0.0000000e+00
   3.1732347e-01   4.1845326e+01   0.0000000e+00  -1.3413245e+02   0.0000000e+00
   3.1782398e-01   4.1804636e+01   0.0000000e+00  -1.3807524e+02   0.0000000e+00
   3.1832449e-01   4.1748122e+01   0.0000000e+00  -1.4239147e+02   0.0000000e+00
   3.1882500e-01   4.1675998e+01   0.0000000e+00  -1.4758663e+02   0.0000000e+00
   3.1932551e-01   4.1603639e+01   0.0000000e+00  -1.5368453e+02   0.0000000e+00
   3.1982602e-01   4.1502245e+01   0.0000000e+00  -1.6057431e+02   0.0000000e+00
   3.2032653e-01   4.1425359e+01   0.0000000e+00  -1.6785549e+02   0.0000000e+00
   3.2082704e-01   4.1338765e+01   0.0000000e+00  -1.7458555e+02   0.0000000e+00
   3.2132755e-01   4.1243325e+01   0.0000000e+00  -1.8073571e+02   0.0000000e+00
   3.2182806e-01   4.1159400e+01   0.0000000e+00  -1.8756008e+02   0.0000000e+00
   3.2232857e-01   4.1069685e+01   0.0000000e+00  -1.9346411e+02   0.0000000e+00
   3.2282908e-01   4.0959730e+01   0.0000000e+00  -1.9791304e+02   0.0000000e+00
   3.2332959e-01   4.0840458e+01   0.0000000e+00  -2.0166567e+02   0.0000000e+00
   3.2383010e-01   4.0732187e+01   0.0000000e+00  -2.0428207e+02   0.0000000e+00
   3.2433061e-01   4.0629702e+01   0.0000000e+00  -2.0661807e+02   0.0000000e+00
   3.2483112e-01   4.0552183e+01   0.0000000e+00  -2.0894772e+02   0.0000000e+00
   3.2533163e-01   4.0437385e+01   0.0000000e+00  -2.1226939e+02   0.0000000e+00
   3.2583214e-01   4.0330717e+01   0.0000000e+00  -2.1766274e+02   0.0000000e+00
   3.2633265e-01   4.0248192e+01   0.0000000e+00  -2.2385884e+02   0.0000000e+00
   3.2683316e-01   4.0115053e+01   0.0000000e+00  -2.3074032e+02   0.0000000e+00
   3.2733367e-01   3.9976139e+01   0.0000000e+00  -2.3801754e+02   0.0000000e+00
   3.2783418e-01   3.9852292e+01   0.0000000e+00  -2.4462899e+02   0.0000000e+00
   3.2833469e-01   3.9741473e+01   0.0000000e+00  -2.5094088e+02   0.0000000e+00
   3.2883520e-01   3.9622310e+01   0.0000000e+00  -2.5654905e+02   0.0000000e+00
   3.2933571e-01   3.9463569e+01   0.0000000e+00  -2.6084138e+02   0.0000000e+00
   3.2983622e-01   3.9347006e+01   0.0000000e+00  -2.6507531e+02   0.0000000e+00
   3.3033673e-01   3.9212459e+01   0.0000000e+00  -2.6879925e+02   0.0000000e+00
   3.3083724e-01   3.9055329e+01   0.0000000e+00  -2.7140588e+02   0.0000000e+00
   3.3133776e-01   3.8935908e+01   0.0000000e+00  -2.7427433e+02   0.0000000e+00
   3.3183827e-01   3.8785608e+01   0.0000000e+00  -2.7770842e+02   0.0000000e+00
   3.3233878e-01   3.8656558e+01   0.0000000e+00  -2.8173356e+02   0.0000000e+00
   3.3283929e-01   3.8537684e+01   0.0000000e+00  -2.8662907e+02   0.0000000e+00
   3.3333980e-01   3.8374136e+01   0.0000000e+00  -2.9182449e+02   0.0000000e+00
   3.3384031e-01   3.8220760e+01   0.0000000e+00  -2.9790467e+02   0.0000000e+00
   3.3434082e-01   3.8073644e+01   0.0000000e+00  -3.0314970e+02   0.0000000e+00
   3.3484133e-01   3.7902479e+01   0.0000000e+00  -3.0682168e+02   0.0000000e+00
   3.3534184e-01   3.7740470e+01   0.0000000e+00  -3.1050148e+02   0.0000000e+00
   3.3584235e-01   3.7600546e+01   0.0000000e+00  -3.1390139e+02   0.0000000e+00
   3.3634286e-01   3.7445188e+01   0.0000000e+00  -3.1792294e+02   0.0000000e+00
   3.3684337e-01   3.7290149e+01   0.0000000e+00  -3.2278180e+02   0.0000000e+00
   3.3734388e-01   3.7112326e+01   0.0000000e+00  -3.2883108e+02   0.0000000e+00
   3.3784439e-01   3.6948958e+01   0.0000000e+00  -3.3613509e+02   0.0000000e+00
   3.3834490e-01   3.6820060e+01   0.0000000e+00  -3.4421796e+02   0.0000000e+00
   3.3884541e-01   3.6631750e+01   0.0000000e+00  -3.5233163e+02   0.0000000e+00
   3.3934592e-01   3.6412012e+01   0.0000000e+00  -3.5886616e+02   0.0000000e+00
   3.3984643e-01   3.6210487e+01   0.0000000e+00  -3.6335262e+02   0.0000000e+00
   3.4034694e-01   3.6035543e+01   0.0000000e+00  -3.6593235e+02   0.0000000e+00
   3.4084745e-01   3.5848920e+01   0.0000000e+00  -3.6756292e+02   0.0000000e+00
   3.4134796e-01   3.5693408e+01   0.0000000e+00  -3.6863963e+02   0.0000000e+00
   3.4184847e-01   3.5525036e+01   0.0000000e+00  -3.7164188e+02   0.0000000e+00
   3.4234898e-01   3.5308641e+01   0.0000000e+00  -3.7712038e+02   0.0000000e+00
   3.4284949e-01   3.5128715e+01   0.0000000e+00  -3.8235610e+02   0.0000000e+00
   3.4335000e-01   3.4947118e+01   0.0000000e+00  -3.8878671e+02   0.0000000e+00
   3.4385051e-01   3.4733670e+01   0.0000000e+00  -3.9649635e+02   0.0000000e+00
   3.4435102e-01   3.4521077e+01   0.0000000e+00  -4.0340500e+02   0.0000000e+00
   3.4485153e-01   3.4350147e+01   0.0000000e+00  -4.0964554e+02   0.0000000e+00
   3.4535204e-01   3.4120080e+01   0.0000000e+00  -4.1551175e+02   0.0000000e+00
   3.4585255e-01   3.3861400e+01   0.0000000e+00  -4.2030296e+02   0.0000000e+00
   3.4635306e-01   3.3705685e+01   0.0000000e+00  -4.2395656e+02   0.0000000e+00
   3.4685357e-01   3.3497529e+01   0.0000000e+00  -4.2828730e+02   0.0000000e+00
   3.4735408e-01   3.3243192e+01   0.0000000e+00  -4.3348598e+02   0.0000000e+00
   3.4785459e-01   3.3059273e+01   0.0000000e+00  -4.3849789e+02   0.0000000e+00
   3.4835510e-01   3.2837121e+01   0.0000000e+00  -4.4462324e+02   0.0000000e+00
   3.4885561e-01   3.2592645e+01   0.0000000e+00  -4.5182424e+02   0.0000000e+00
   3.4935612e-01   3.2360557e+01   0.0000000e+00  -4.5844439e+02   0.0000000e+00
   3.4985663e-01   3.2151531e+01   0.0000000e+00  -4.6490632e+02   0.0000000e+00
   3.5035714e-01   3.1916148e+01   0.0000000e+00  -4.7206725e+02   0.0000000e+00
   3.5085765e-01   3.1643487e+01   0.0000000e+00  -4.7803460e+02   0.0000000e+00
   3.5135816e-01   3.1426641e+01   0.0000000e+00  -4.8288713e+02   0.0000000e+00
   3.5185867e-01   3.1171898e+01   0.0000000e+00  -4.8725009e+02   0.0000000e+00
   3.5235918e-01   3.0907213e+01   0.0000000e+00  -4.8997811e+02   0.0000000e+00
   3.5285969e-01   3.0669876e+01   0.0000000e+00  -4.9204159e+02   0.0000000e+00
   3.5336020e-01   3.0439568e+01   0.0000000e+00  -4.9394940e+02   0.0000000e+00
   3.5386071e-01   3.0198451e+01   0.0000000e+00  -4.9621790e+02   0.0000000e+00
   3.5436122e-01   2.9931829e+01   0.0000000e+00  -4.9853795e+02   0.0000000e+00
   3.5486173e-01   2.9665801e+01   0.0000000e+00  -5.0102139e+02   0.0000000e+00
   3.5536224e-01   2.9424986e+01   0.0000000e+00  -5.0464806e+02   0.0000000e+00
   3.5586276e-01   2.9190756e+01   0.0000000e+00  -5.0905310e+02   0.0000000e+00
   3.5636327e-01   2.8939776e+01   0.0000000e+00  -5.1487958e+02   0.0000000e+00
   3.5686378e-01   2.8687393e+01   0.0000000e+00  -5.2167270e+02   0.0000000e+00
   3.5736429e-01   2.8409484e+01   0.0000000e+00  -5.2850228e+02   0.0000000e+00
   3.5786480e-01   2.8120542e+01   0.0000000e+00  -5.3444960e+02   0.0000000e+00
   3.5836531e-01   2.7844779e+01   0.0000000e+00  -5.3904945e+02   0.0000000e+00
   3.5886582e-01   2.7589628e+01   0.0000000e+00  -5.4241157e+02   0.0000000e+00
   3.5936633e-01   2.7315439e+01   0.0000000e+00  -5.4489939e+02   0.0000000e+00
   3.5986684e-01   2.7029640e+01   0.0000000e+00  -5.4738884e+02   0.0000000e+00
   3.6036735e-01   2.6765084e+01   0.0000000e+00  -5.5008029e+02   0.0000000e+00
   3.6086786e-01   2.6497163e+01   0.0000000e+00  -5.5313038e+02   0.0000000e+00
   3.6136837e-01   2.6221308e+01   0.0000000e+00  -5.5710788e+02   0.0000000e+00
   3.6186888e-01   2.5933612e+01   0.0000000e+00  -5.6198839e+02   0.0000000e+00
   3.6236939e-01   2.5651076e+01   0.0000000e+00  -5.6733841e+02   0.0000000e+00
   3.6286990e-01   2.5378348e+01   0.0000000e+00  -5.7326660e+02   0.0000000e+00
   3.6337041e-01   2.5071091e+01   0.0000000e+00  -5.7898349e+02   0.0000000e+00
   3.6387092e-01   2.4766696e+01   0.0000000e+00  -5.8444740e+02   0.0000000e+00
   3.6437143e-01   2.4496405e+01   0.0000000e+00  -5.9003615e+02   0.0000000e+00
   3.6487194e-01   2.4195515e+01   0.0000000e+00  -5.9559114e+02   0.0000000e+00
   3.6537245e-01   2.3887922e+01   0.0000000e+00  -6.0183563e+02   0.0000000e+00
   3.6587296e-01   2.3597002e+01   0.0000000e+00  -6.0838997e+02   0.0000000e+00
   3.6637347e-01   2.3278280e+01   0.0000000e+00  -6.1521851e+02   0.0000000e+00
   3.6687398e-01   2.2958915e+01   0.0000000e+00  -6.2265380e+02   0.0000000e+00
   3.6737449e-01   2.2653204e+01   0.0000000e+00  -6.3055491e+02   0.0000000e+00
   3.6787500e-01   2.2350475e+01   0.0000000e+00  -6.3917508e+02   0.0000000e+00
   3.6837551e-01   2.2039650e+01   0.0000000e+00  -6.4812775e+02   0.0000000e+00
   3.6887602e-01   2.1680990e+01   0.0000000e+00  -6.5681480e+02   0.0000000e+00
   3.6937653e-01   2.1333023e+01   0.0000000e+00  -6.6487154e+02   0.0000000e+00
   3.6987704e-01   2.1008785e+01   0.0000000e+00  -6.7164962e+02   0.0000000e+00
   3.7037755e-01   2.0675258e+01   0.0000000e+00  -6.7710306e+02   0.0000000e+00
   3.7087806e-01   2.0325825e+01   0.0000000e+00  -6.8221774e+02   0.0000000e+00
   3.7137857e-01   1.9981927e+01   0.0000000e+00  -6.8693534e+02   0.0000000e+00
   3.7187908e-01   1.9653194e+01   0.0000000e+00  -6.9074474e+02   0.0000000e+00
   3.7237959e-01   1.9287333e+01   0.0000000e+00  -6.9406403e+02   0.0000000e+00
   3.7288010e-01   1.8923337e+01   0.0000000e+00  -6.9725793e+02   0.0000000e+00
   3.7338061e-01   1.8596037e+01   0.0000000e+00  -7.0051055e+02   0.0000000e+00
   3.7388112e-01   1.8254486e+01   0.0000000e+00  -7.0412604e+02   0.0000000e+00
   3.7438163e-01   1.7878585e+01   0.0000000e+00  -7.0818130e+02   0.0000000e+00
   3.7488214e-01   1.7515360e+01   0.0000000e+00  -7.1321321e+02   0.0000000e+00
   3.7538265e-01   1.7189905e+01   0.0000000e+00  -7.1987994e+02   0.0000000e+00
   3.7588316e-01   1.6843325e+01   0.0000000e+00  -7.2724487e+02   0.0000000e+00
   3.7638367e-01   1.6444945e+01   0.0000000e+00  -7.3462927e+02   0.0000000e+00
   3.7688418e-01   1.6068244e+01   0.0000000e+00  -7.4234285e+02   0.0000000e+00
   3.7738469e-01   1.5697382e+01   0.0000000e+00  -7.4965578e+02   0.0000000e+00
   3.7788520e-01   1.5322078e+01   0.0000000e+00  -7.5522673e+02   0.0000000e+00
   3.7838571e-01   1.4934481e+01   0.0000000e+00  -7.5919387e+02   0.0000000e+00
   3.7888622e-01   1.4528365e+01   0.0000000e+00  -7.6285364e+02   0.0000000e+00
   3.7938673e-01   1.4169649e+01   0.0000000e+00  -7.6655087e+02   0.0000000e+00
   3.7988724e-01   1.3807497e+01   0.0000000e+00  -7.7026008e+02   0.0000000e+00
   3.8038776e-01   1.3404173e+01   0.0000000e+00  -7.7417794e+02   0.0000000e+00
   3.8088827e-01   1.2999264e+01   0.0000000e+00  -7.7891678e+02   0.0000000e+00
   3.8138878e-01   1.2620118e+01   0.0000000e+00  -7.8425933e+02   0.0000000e+00
   3.8188929e-01   1.2241491e+01   0.0000000e+00  -7.8993865e+02   0.0000000e+00
   3.8238980e-01   1.1832291e+01   0.0000000e+00  -7.9529227e+02   0.0000000e+00
   3.8289031e-01   1.1424775e+01   0.0000000e+00  -8.0031273e+02   0.0000000e+00
   3.8339082e-01   1.1012953e+01   0.0000000e+00  -8.0575069e+02   0.0000000e+00
   3.8389133e-01   1.0606899e+01   0.0000000e+00  -8.1051741e+02   0.0000000e+00
   3.8439184e-01   1.0218862e+01   0.0000000e+00  -8.1501924e+02   0.0000000e+00
   3.8489235e-01   9.8139530e+00   0.0000000e+00  -8.2075095e+02   0.0000000e+00
   3.8539286e-01   9.3902602e+00   0.0000000e+00  -8.2686182e+02   0.0000000e+00
   3.8589337e-01   8.9789022e+00   0.0000000e+00  -8.3318747e+02   0.0000000e+00
   3.8639388e-01   8.5567471e+00   0.0000000e+00  -8.3940700e+02   0.0000000e+00
   3.8689439e-01   8.1153919e+00   0.0000000e+00  -8.4519391e+02   0.0000000e+00
   3.8739490e-01   7.7068349e+00   0.0000000e+00  -8.5037414e+02   0.0000000e+00
   3.8789541e-01   7.2921081e+00   0.0000000e+00  -8.5476043e+02   0.0000000e+00
   3.8839592e-01   6.8269918e+00   0.0000000e+00  -8.5889459e+02   0.0000000e+00
   3.8889643e-01   6.4085698e+00   0.0000000e+00  -8.6228913e+02   0.0000000e+00
   3.8939694e-01   5.9822132e+00   0.0000000e+00  -8.6555616e+02   0.0000000e+00
   3.8989745e-01   5.5362922e+00   0.0000000e+00  -8.6962715e+02   0.0000000e+00
   3.9039796e-01   5.1099357e+00   0.0000000e+00  -8.7466970e+02   0.0000000e+00
   3.9089847e-01   4.6798271e+00   0.0000000e+00  -8.8096902e+02   0.0000000e+00
   3.9139898e-01   4.2534705e+00   0.0000000e+00  -8.8893121e+02   0.0000000e+00
   3.9189949e-01   3.7921062e+00   0.0000000e+00  -8.9768010e+02   0.0000000e+00
   3.9240000e-01   3.3339451e+00   0.0000000e+00  -9.0580699e+02   0.0000000e+00
   3.9290051e-01   2.8688288e+00   0.0000000e+00  -9.1346389e+02   0.0000000e+00
   3.9340102e-01   2.3967574e+00   0.0000000e+00  -9.1877229e+02   0.0000000e+00
   3.9390153e-01   1.9316411e+00   0.0000000e+00  -9.2172944e+02   0.0000000e+00
   3.9440204e-01   1.4750839e+00   0.0000000e+00  -9.2312094e+02   0.0000000e+00
   3.9490255e-01   1.0185268e+00   0.0000000e+00  -9.2253653e+02   0.0000000e+00
   3.9540306e-01   5.4485136e-01   0.0000000e+00  -9.2116565e+02   0.0000000e+00
   3.9590357e-01   7.9735085e-02   0.0000000e+00  -9.1879766e+02   0.0000000e+00
   3.9640408e-01  -3.8538119e-01   0.0000000e+00  -9.1645559e+02   0.0000000e+00
   3.9690459e-01  -8.2029690e-01   0.0000000e+00  -9.1476716e+02   0.0000000e+00
   3.9740510e-01  -1.2609329e+00   0.0000000e+00  -9.1361701e+02   0.0000000e+00
   3.9790561e-01  -1.7260492e+00   0.0000000e+00  -9.1250991e+02   0.0000000e+00
   3.9840612e-01  -2.1768860e+00   0.0000000e+00  -9.1052659e+02   0.0000000e+00
   3.9890663e-01  -2.6625792e+00   0.0000000e+00  -9.0544237e+02   0.0000000e+00
   3.9940714e-01  -3.1276955e+00   0.0000000e+00  -8.9670030e+02   0.0000000e+00
   3.9990765e-01  -3.5722349e+00   0.0000000e+00  -8.8440619e+02   0.0000000e+00
   4.0040816e-01  -4.0205925e+00   0.0000000e+00  -8.6744565e+02   0.0000000e+00
   4.0090867e-01  -4.4469491e+00   0.0000000e+00  -8.4774651e+02   0.0000000e+00
   4.0140918e-01  -4.8513047e+00   0.0000000e+00  -8.2611271e+02   0.0000000e+00
   4.0190969e-01  -5.2585132e+00   0.0000000e+00  -8.0322872e+02   0.0000000e+00
   4.0241020e-01  -5.6187484e+00   0.0000000e+00  -7.7982497e+02   0.0000000e+00
   4.0291071e-01  -6.0078830e+00   0.0000000e+00  -7.5534116e+02   0.0000000e+00
   4.0341122e-01  -6.4228416e+00   0.0000000e+00  -7.2945351e+02   0.0000000e+00
   4.0391173e-01  -6.7505295e+00   0.0000000e+00  -7.0144680e+02   0.0000000e+00
   4.0441224e-01  -7.0815576e+00   0.0000000e+00  -6.7100036e+02   0.0000000e+00
   4.0491276e-01  -7.4132246e+00   0.0000000e+00  -6.3755919e+02   0.0000000e+00
   4.0541327e-01  -7.7243998e+00   0.0000000e+00  -6.0091537e+02   0.0000000e+00
   4.0591378e-01  -8.0128879e+00   0.0000000e+00  -5.6069074e+02   0.0000000e+00
   4.0641429e-01  -8.2894765e+00   0.0000000e+00  -5.1771213e+02   0.0000000e+00
   4.0691480e-01  -8.5220347e+00   0.0000000e+00  -4.7151891e+02   0.0000000e+00
   4.0741531e-01  -8.7272736e+00   0.0000000e+00  -4.2255405e+02   0.0000000e+00
   4.0791582e-01  -8.9334731e+00   0.0000000e+00  -3.7282201e+02   0.0000000e+00
   4.0841633e-01  -9.0885119e+00   0.0000000e+00  -3.2188283e+02   0.0000000e+00
   4.0891684e-01  -9.2128201e+00   0.0000000e+00  -2.7059238e+02   0.0000000e+00
   4.0941735e-01  -9.3117018e+00   0.0000000e+00  -2.1920681e+02   0.0000000e+00
   4.0991786e-01  -9.4075507e+00   0.0000000e+00  -1.6738637e+02   0.0000000e+00
   4.1041837e-01  -9.4850227e+00   0.0000000e+00  -1.1563386e+02   0.0000000e+00
   4.1091888e-01  -9.5063377e+00   0.0000000e+00  -6.4152412e+01   0.0000000e+00
   4.1141939e-01  -9.5063377e+00   0.0000000e+00  -1.2452931e+01   0.0000000e+00
   4.1191990e-01  -9.4850227e+00   0.0000000e+00   3.8544662e+01   0.0000000e+00
   4.1242041e-01  -9.4453783e+00   0.0000000e+00   8.7087058e+01   0.0000000e+00
   4.1292092e-01  -9.3678589e+00   0.0000000e+00   1.3333019e+02   0.0000000e+00
   4.1342143e-01  -9.2465078e+00   0.0000000e+00   1.7705224e+02   0.0000000e+00
   4.1392194e-01  -9.1466277e+00   0.0000000e+00   2.1869420e+02   0.0000000e+00
   4.1442245e-01  -9.0338073e+00   0.0000000e+00   2.5825090e+02   0.0000000e+00
   4.1492296e-01  -8.8623695e+00   0.0000000e+00   2.9552349e+02   0.0000000e+00
   4.1542347e-01  -8.6885140e+00   0.0000000e+00   3.3090637e+02   0.0000000e+00
   4.1592398e-01  -8.5334752e+00   0.0000000e+00   3.6538630e+02   0.0000000e+00
   4.1642449e-01  -8.3396767e+00   0.0000000e+00   3.9890799e+02   0.0000000e+00
   4.1692500e-01  -8.1071186e+00   0.0000000e+00   4.2880799e+02   0.0000000e+00
   4.1742551e-01  -7.8358008e+00   0.0000000e+00   4.5633502e+02   0.0000000e+00
   4.1792602e-01  -7.5644829e+00   0.0000000e+00   4.8265053e+02   0.0000000e+00
   4.1842653e-01  -7.3319248e+00   0.0000000e+00   5.0721322e+02   0.0000000e+00
   4.1892704e-01  -7.1381264e+00   0.0000000e+00   5.3163576e+02   0.0000000e+00
   4.1942755e-01  -6.8668085e+00   0.0000000e+00   5.5770856e+02   0.0000000e+00
   4.1992806e-01  -6.5179713e+00   0.0000000e+00   5.8446404e+02   0.0000000e+00
   4.2042857e-01  -6.2466535e+00   0.0000000e+00   6.0903226e+02   0.0000000e+00
   4.2092908e-01  -5.8978163e+00   0.0000000e+00   6.2984641e+02   0.0000000e+00
   4.2142959e-01  -5.5102194e+00   0.0000000e+00   6.4703425e+02   0.0000000e+00
   4.2193010e-01  -5.2001419e+00   0.0000000e+00   6.6052842e+02   0.0000000e+00
   4.2243061e-01  -4.8900643e+00   0.0000000e+00   6.7186949e+02   0.0000000e+00
   4.2293112e-01  -4.5412271e+00   0.0000000e+00   6.8228065e+02   0.0000000e+00
   4.2343163e-01  -4.1923899e+00   0.0000000e+00   6.9188052e+02   0.0000000e+00
   4.2393214e-01  -3.8737012e+00   0.0000000e+00   7.0275662e+02   0.0000000e+00
   4.2443265e-01  -3.5452044e+00   0.0000000e+00   7.1401633e+02   0.0000000e+00
   4.2493316e-01  -3.1274589e+00   0.0000000e+00   7.2288410e+02   0.0000000e+00
   4.2543367e-01  -2.7195217e+00   0.0000000e+00   7.2770992e+02   0.0000000e+00
   4.2593418e-01  -2.3319248e+00   0.0000000e+00   7.2962685e+02   0.0000000e+00
   4.2643469e-01  -1.9891722e+00   0.0000000e+00   7.2889314e+02   0.0000000e+00
   4.2693520e-01  -1.6790947e+00   0.0000000e+00   7.2481926e+02   0.0000000e+00
   4.2743571e-01  -1.2854132e+00   0.0000000e+00   7.2079309e+02   0.0000000e+00
   4.2793622e-01  -9.3657597e-01   0.0000000e+00   7.1769010e+02   0.0000000e+00
   4.2843673e-01  -5.5753819e-01   0.0000000e+00   7.1435233e+02   0.0000000e+00
   4.2893724e-01  -2.2620718e-01   0.0000000e+00   7.1026354e+02   0.0000000e+00
   4.2943776e-01   1.3118914e-01   0.0000000e+00   7.0630686e+02   0.0000000e+00
   4.2993827e-01   5.3629225e-01   0.0000000e+00   7.0236860e+02   0.0000000e+00
   4.3043878e-01   8.2430721e-01   0.0000000e+00   6.9813751e+02   0.0000000e+00
   4.3093929e-01   1.1645853e+00   0.0000000e+00   6.9362518e+02   0.0000000e+00
   4.3143980e-01   1.5354851e+00   0.0000000e+00   6.8838714e+02   0.0000000e+00
   4.3194031e-01   1.8751339e+00   0.0000000e+00   6.8317700e+02   0.0000000e+00
   4.3244082e-01   2.2213262e+00   0.0000000e+00   6.7608277e+02   0.0000000e+00
   4.3294133e-01   2.5646561e+00   0.0000000e+00   6.6839619e+02   0.0000000e+00
   4.3344184e-01   2.9048017e+00   0.0000000e+00   6.5984824e+02   0.0000000e+00
   4.3394235e-01   3.2047209e+00   0.0000000e+00   6.5060433e+02   0.0000000e+00
   4.3444286e-01   3.5028800e+00   0.0000000e+00   6.4270647e+02   0.0000000e+00
   4.3494337e-01   3.8463707e+00   0.0000000e+00   6.3501541e+02   0.0000000e+00
   4.3544388e-01   4.1797031e+00   0.0000000e+00   6.2774697e+02   0.0000000e+00
   4.3594439e-01   4.4635260e+00   0.0000000e+00   6.2114181e+02   0.0000000e+00
   4.3644490e-01   4.7625273e+00   0.0000000e+00   6.1546385e+02   0.0000000e+00
   4.3694541e-01   5.0824840e+00   0.0000000e+00   6.1084772e+02   0.0000000e+00
   4.3744592e-01   5.3768627e+00   0.0000000e+00   6.0717754e+02   0.0000000e+00
   4.3794643e-01   5.6645560e+00   0.0000000e+00   6.0444089e+02   0.0000000e+00
   4.3844694e-01   5.9884871e+00   0.0000000e+00   6.0211307e+02   0.0000000e+00
   4.3894745e-01   6.2899534e+00   0.0000000e+00   5.9998581e+02   0.0000000e+00
   4.3944796e-01   6.5574719e+00   0.0000000e+00   5.9801071e+02   0.0000000e+00
   4.3994847e-01   6.8643510e+00   0.0000000e+00   5.9609223e+02   0.0000000e+00
   4.4044898e-01   7.1825382e+00   0.0000000e+00   5.9299241e+02   0.0000000e+00
   4.4094949e-01   7.4900039e+00   0.0000000e+00   5.8862169e+02   0.0000000e+00
   4.4145000e-01   7.7723034e+00   0.0000000e+00   5.8396146e+02   0.0000000e+00
   4.4195051e-01   8.0500654e+00   0.0000000e+00   5.7804138e+02   0.0000000e+00
   4.4245102e-01   8.3453620e+00   0.0000000e+00   5.7123174e+02   0.0000000e+00
   4.4295153e-01   8.6210138e+00   0.0000000e+00   5.6539876e+02   0.0000000e+00
   4.4345204e-01   8.9001905e+00   0.0000000e+00   5.6038323e+02   0.0000000e+00
   4.4395255e-01   9.1772995e+00   0.0000000e+00   5.5497997e+02   0.0000000e+00
   4.4445306e-01   9.4533157e+00   0.0000000e+00   5.4930319e+02   0.0000000e+00
   4.4495357e-01   9.7528043e+00   0.0000000e+00   5.4424095e+02   0.0000000e+00
   4.4545408e-01   9.9910023e+00   0.0000000e+00   5.3996921e+02   0.0000000e+00
   4.4595459e-01   1.0223560e+01   0.0000000e+00   5.3555291e+02   0.0000000e+00
   4.4645510e-01   1.0519411e+01   0.0000000e+00   5.3031158e+02   0.0000000e+00
   4.4695561e-01   1.0825495e+01   0.0000000e+00   5.2416961e+02   0.0000000e+00
   4.4745612e-01   1.1088518e+01   0.0000000e+00   5.1743479e+02   0.0000000e+00
   4.4795663e-01   1.1300377e+01   0.0000000e+00   5.1011001e+02   0.0000000e+00
   4.4845714e-01   1.1539720e+01   0.0000000e+00   5.0305029e+02   0.0000000e+00
   4.4895765e-01   1.1808132e+01   0.0000000e+00   4.9669397e+02   0.0000000e+00
   4.4945816e-01   1.2059138e+01   0.0000000e+00   4.9145625e+02   0.0000000e+00
   4.4995867e-01   1.2292392e+01   0.0000000e+00   4.8752005e+02   0.0000000e+00
   4.5045918e-01   1.2514465e+01   0.0000000e+00   4.8387344e+02   0.0000000e+00
   4.5095969e-01   1.2775890e+01   0.0000000e+00   4.8071102e+02   0.0000000e+00
   4.5146020e-01   1.3016685e+01   0.0000000e+00   4.7800518e+02   0.0000000e+00
   4.5196071e-01   1.3255721e+01   0.0000000e+00   4.7601133e+02   0.0000000e+00
   4.5246122e-01   1.3492859e+01   0.0000000e+00   4.7374074e+02   0.0000000e+00
   4.5296173e-01   1.3691758e+01   0.0000000e+00   4.7080236e+02   0.0000000e+00
   4.5346224e-01   1.3948862e+01   0.0000000e+00   4.6813634e+02   0.0000000e+00
   4.5396276e-01   1.4208196e+01   0.0000000e+00   4.6435138e+02   0.0000000e+00
   4.5446327e-01   1.4439841e+01   0.0000000e+00   4.5896951e+02   0.0000000e+00
   4.5496378e-01   1.4645065e+01   0.0000000e+00   4.5220603e+02   0.0000000e+00
   4.5546429e-01   1.4876322e+01   0.0000000e+00   4.4454046e+02   0.0000000e+00
   4.5596480e-01   1.5106174e+01   0.0000000e+00   4.3602869e+02   0.0000000e+00
   4.5646531e-01   1.5301132e+01   0.0000000e+00   4.2743244e+02   0.0000000e+00
   4.5696582e-01   1.5533468e+01   0.0000000e+00   4.1928912e+02   0.0000000e+00
   4.5746633e-01   1.5727408e+01   0.0000000e+00   4.1077571e+02   0.0000000e+00
   4.5796684e-01   1.5903378e+01   0.0000000e+00   4.0333357e+02   0.0000000e+00
   4.5846735e-01   1.6117243e+01   0.0000000e+00   3.9717274e+02   0.0000000e+00
   4.5896786e-01   1.6316180e+01   0.0000000e+00   3.9139054e+02   0.0000000e+00
   4.5946837e-01   1.6504546e+01   0.0000000e+00   3.8552500e+02   0.0000000e+00
   4.5996888e-01   1.6704983e+01   0.0000000e+00   3.7994588e+02   0.0000000e+00
   4.6046939e-01   1.6893539e+01   0.0000000e+00   3.7511032e+02   0.0000000e+00
   4.6096990e-01   1.7056919e+01   0.0000000e+00   3.7027729e+02   0.0000000e+00
   4.6147041e-01   1.7239873e+01   0.0000000e+00   3.6574718e+02   0.0000000e+00
   4.6197092e-01   1.7437717e+01   0.0000000e+00   3.6225819e+02   0.0000000e+00
   4.6247143e-01   1.7606453e+01   0.0000000e+00   3.5886033e+02   0.0000000e+00
   4.6297194e-01   1.7779486e+01   0.0000000e+00   3.5521749e+02   0.0000000e+00
   4.6347245e-01   1.7959374e+01   0.0000000e+00   3.5111493e+02   0.0000000e+00
   4.6397296e-01   1.8150485e+01   0.0000000e+00   3.4604117e+02   0.0000000e+00
   4.6447347e-01   1.8327477e+01   0.0000000e+00   3.4106123e+02   0.0000000e+00
   4.6497398e-01   1.8453300e+01   0.0000000e+00   3.3585249e+02   0.0000000e+00
   4.6547449e-01   1.8639518e+01   0.0000000e+00   3.2997191e+02   0.0000000e+00
   4.6597500e-01   1.8830487e+01   0.0000000e+00   3.2416575e+02   0.0000000e+00
   4.6647551e-01   1.8971408e+01   0.0000000e+00   3.1876102e+02   0.0000000e+00
   4.6697602e-01   1.9106944e+01   0.0000000e+00   3.1396548e+02   0.0000000e+00
   4.6747653e-01   1.9239395e+01   0.0000000e+00   3.0934138e+02   0.0000000e+00
   4.6797704e-01   1.9427600e+01   0.0000000e+00   3.0415052e+02   0.0000000e+00
   4.6847755e-01   1.9601792e+01   0.0000000e+00   2.9867750e+02   0.0000000e+00
   4.6897806e-01   1.9743166e+01   0.0000000e+00   2.9253307e+02   0.0000000e+00
   4.6947857e-01   1.9878991e+01   0.0000000e+00   2.8502943e+02   0.0000000e+00
   4.6997908e-01   1.9990326e+01   0.0000000e+00   2.7776388e+02   0.0000000e+00
   4.7047959e-01   2.0132528e+01   0.0000000e+00   2.7222551e+02   0.0000000e+00
   4.7098010e-01   2.0273112e+01   0.0000000e+00   2.6713547e+02   0.0000000e+00
   4.7148061e-01   2.0396649e+01   0.0000000e+00   2.6219487e+02   0.0000000e+00
   4.7198112e-01   2.0544837e+01   0.0000000e+00   2.5774174e+02   0.0000000e+00
   4.7248163e-01   2.0666756e+01   0.0000000e+00   2.5423529e+02   0.0000000e+00
   4.7298214e-01   2.0774126e+01   0.0000000e+00   2.5096517e+02   0.0000000e+00
   4.7348265e-01   2.0884765e+01   0.0000000e+00   2.4713665e+02   0.0000000e+00
   4.7398316e-01   2.1039804e+01   0.0000000e+00   2.4391445e+02   0.0000000e+00
   4.7448367e-01   2.1158434e+01   0.0000000e+00   2.4025451e+02   0.0000000e+00
   4.7498418e-01   2.1248322e+01   0.0000000e+00   2.3550424e+02   0.0000000e+00
   4.7548469e-01   2.1392256e+01   0.0000000e+00   2.2969537e+02   0.0000000e+00
   4.7598520e-01   2.1534927e+01   0.0000000e+00   2.2272400e+02   0.0000000e+00
   4.7648571e-01   2.1623551e+01   0.0000000e+00   2.1598150e+02   0.0000000e+00
   4.7698622e-01   2.1669507e+01   0.0000000e+00   2.0916495e+02   0.0000000e+00
   4.7748673e-01   2.1789609e+01   0.0000000e+00   2.0195244e+02   0.0000000e+00
   4.7798724e-01   2.1933870e+01   0.0000000e+00   1.9447011e+02   0.0000000e+00
   4.7848776e-01   2.2028961e+01   0.0000000e+00   1.8747032e+02   0.0000000e+00
   4.7898827e-01   2.2101333e+01   0.0000000e+00   1.8089239e+02   0.0000000e+00
   4.7948878e-01   2.2168978e+01   0.0000000e+00   1.7456969e+02   0.0000000e+00
   4.7998929e-01   2.2261250e+01   0.0000000e+00   1.6965717e+02   0.0000000e+00
   4.8048980e-01   2.2336773e+01   0.0000000e+00   1.6773151e+02   0.0000000e+00
   4.8099031e-01   2.2393914e+01   0.0000000e+00   1.6835848e+02   0.0000000e+00
   4.8149082e-01   2.2485911e+01   0.0000000e+00   1.6822842e+02   0.0000000e+00
   4.8199133e-01   2.2593466e+01   0.0000000e+00   1.6775539e+02   0.0000000e+00
   4.8249184e-01   2.2697779e+01   0.0000000e+00   1.6653373e+02   0.0000000e+00
   4.8299235e-01   2.2779254e+01   0.0000000e+00   1.6298709e+02   0.0000000e+00
   4.8349286e-01   2.2821813e+01   0.0000000e+00   1.5812955e+02   0.0000000e+00
   4.8399337e-01   2.2912457e+01   0.0000000e+00   1.5112123e+02   0.0000000e+00
   4.8449388e-01   2.3037806e+01   0.0000000e+00   1.4305469e+02   0.0000000e+00
   4.8499439e-01   2.3075544e+01   0.0000000e+00   1.3547890e+02   0.0000000e+00
   4.8549490e-01   2.3118510e+01   0.0000000e+00   1.2824621e+02   0.0000000e+00
   4.8599541e-01   2.3170215e+01   0.0000000e+00   1.2191409e+02   0.0000000e+00
   4.8649592e-01   2.3201130e+01   0.0000000e+00   1.1710598e+02   0.0000000e+00
   4.8699643e-01   2.3306361e+01   0.0000000e+00   1.1366666e+02   0.0000000e+00
   4.8749694e-01   2.3368006e+01   0.0000000e+00   1.1033694e+02   0.0000000e+00
   4.8799745e-01   2.3400833e+01   0.0000000e+00   1.0616114e+02   0.0000000e+00
   4.8849796e-01   2.3470527e+01   0.0000000e+00   1.0180228e+02   0.0000000e+00
   4.8899847e-01   2.3515220e+01   0.0000000e+00   9.8950957e+01   0.0000000e+00
   4.8949898e-01   2.3525979e+01   0.0000000e+00   9.6874321e+01   0.0000000e+00
   4.8999949e-01   2.3565264e+01   0.0000000e+00   9.6066134e+01   0.0000000e+00
   4.9050000e-01   2.3644784e+01   0.0000000e+00   9.7041138e+01   0.0000000e+00
